;data;denominazione_regione;ricoverati_con_sintomi;terapia_intensiva;totale_ospedalizzati;isolamento_domiciliare;totale_positivi;variazione_totale_positivi;nuovi_positivi;dimessi_guariti;deceduti;casi_da_sospetto_diagnostico;casi_da_screening;totale_casi;tamponi;casi_testati;nuovi_tamponi;nuovi_casi_testati;nuovi_deceduti
0;2020-02-24;Friuli Venezia Giulia;0;0;0;0;0;0;0;0;0;0.0;0.0;0;58;0.0;58;0.0;0
1;2020-02-25;Friuli Venezia Giulia;0;0;0;0;0;0;0;0;0;0.0;0.0;0;89;0.0;31;0.0;0
2;2020-02-26;Friuli Venezia Giulia;0;0;0;0;0;0;0;0;0;0.0;0.0;0;114;0.0;25;0.0;0
3;2020-02-27;Friuli Venezia Giulia;0;0;0;0;0;0;0;0;0;0.0;0.0;0;141;0.0;27;0.0;0
4;2020-02-28;Friuli Venezia Giulia;0;0;0;0;0;0;0;0;0;0.0;0.0;0;169;0.0;28;0.0;0
5;2020-02-29;Friuli Venezia Giulia;0;0;0;0;0;0;0;0;0;0.0;0.0;0;189;0.0;20;0.0;0
6;2020-03-01;Friuli Venezia Giulia;0;0;0;6;6;6;6;0;0;0.0;0.0;6;243;0.0;54;0.0;0
7;2020-03-02;Friuli Venezia Giulia;0;0;0;9;9;3;3;0;0;0.0;0.0;9;269;0.0;26;0.0;0
8;2020-03-03;Friuli Venezia Giulia;1;0;1;12;13;4;4;0;0;0.0;0.0;13;354;0.0;85;0.0;0
9;2020-03-04;Friuli Venezia Giulia;3;0;3;15;18;5;5;0;0;0.0;0.0;18;376;0.0;22;0.0;0
10;2020-03-05;Friuli Venezia Giulia;4;0;4;17;21;3;3;0;0;0.0;0.0;21;397;0.0;21;0.0;0
11;2020-03-06;Friuli Venezia Giulia;4;0;4;24;28;7;10;3;0;0.0;0.0;31;577;0.0;180;0.0;0
12;2020-03-07;Friuli Venezia Giulia;7;1;8;31;39;11;11;3;0;0.0;0.0;42;577;0.0;0;0.0;0
13;2020-03-08;Friuli Venezia Giulia;7;1;8;45;53;14;15;3;1;0.0;0.0;57;997;0.0;420;0.0;1
14;2020-03-09;Friuli Venezia Giulia;18;1;19;70;89;36;36;3;1;0.0;0.0;93;1344;0.0;347;0.0;0
15;2020-03-10;Friuli Venezia Giulia;27;6;33;77;110;21;23;3;3;0.0;0.0;116;1602;0.0;258;0.0;2
16;2020-03-11;Friuli Venezia Giulia;16;5;21;89;110;0;10;10;6;0.0;0.0;126;2073;0.0;471;0.0;3
17;2020-03-12;Friuli Venezia Giulia;23;10;33;115;148;38;41;11;8;0.0;0.0;167;2604;0.0;531;0.0;2
18;2020-03-13;Friuli Venezia Giulia;59;8;67;169;236;88;90;11;10;0.0;0.0;257;3149;0.0;545;0.0;2
19;2020-03-14;Friuli Venezia Giulia;67;11;78;193;271;35;44;17;13;0.0;0.0;301;3376;0.0;227;0.0;3
20;2020-03-15;Friuli Venezia Giulia;98;12;110;206;316;45;46;17;14;0.0;0.0;347;3407;0.0;31;0.0;1
21;2020-03-16;Friuli Venezia Giulia;96;19;115;231;346;30;39;18;22;0.0;0.0;386;4851;0.0;1444;0.0;8
22;2020-03-17;Friuli Venezia Giulia;104;21;125;222;347;1;8;17;30;0.0;0.0;394;4958;0.0;107;0.0;8
23;2020-03-18;Friuli Venezia Giulia;128;27;155;261;416;69;68;15;31;0.0;0.0;462;4958;0.0;0;0.0;1
24;2020-03-19;Friuli Venezia Giulia;134;29;163;359;522;106;137;41;36;0.0;0.0;599;4052;0.0;-906;0.0;5
25;2020-03-20;Friuli Venezia Giulia;143;32;175;380;555;33;57;63;38;0.0;0.0;656;4964;0.0;912;0.0;2
26;2020-03-21;Friuli Venezia Giulia;152;37;189;477;666;111;134;82;42;0.0;0.0;790;5955;0.0;991;0.0;4
27;2020-03-22;Friuli Venezia Giulia;163;47;210;528;738;72;84;89;47;0.0;0.0;874;6761;0.0;806;0.0;5
28;2020-03-23;Friuli Venezia Giulia;185;41;226;545;771;33;56;105;54;0.0;0.0;930;7424;0.0;663;0.0;7
29;2020-03-24;Friuli Venezia Giulia;195;49;244;604;848;77;62;80;64;0.0;0.0;992;8526;0.0;1102;0.0;10
30;2020-03-25;Friuli Venezia Giulia;200;52;252;659;911;63;147;158;70;0.0;0.0;1139;9494;0.0;968;0.0;6
31;2020-03-26;Friuli Venezia Giulia;212;54;266;688;954;43;84;197;72;0.0;0.0;1223;10721;0.0;1227;0.0;2
32;2020-03-27;Friuli Venezia Giulia;222;57;279;748;1027;73;94;214;76;0.0;0.0;1317;11841;0.0;1120;0.0;4
33;2020-03-28;Friuli Venezia Giulia;223;59;282;838;1120;93;119;229;87;0.0;0.0;1436;12723;0.0;882;0.0;11
34;2020-03-29;Friuli Venezia Giulia;236;60;296;845;1141;21;44;241;98;0.0;0.0;1480;13397;0.0;674;0.0;11
35;2020-03-30;Friuli Venezia Giulia;229;60;289;820;1109;-32;21;285;107;0.0;0.0;1501;14003;0.0;606;0.0;9
36;2020-03-31;Friuli Venezia Giulia;215;60;275;885;1160;51;92;320;113;0.0;0.0;1593;14899;0.0;896;0.0;6
37;2020-04-01;Friuli Venezia Giulia;206;60;266;940;1206;46;92;357;122;0.0;0.0;1685;15987;0.0;1088;0.0;9
38;2020-04-02;Friuli Venezia Giulia;199;60;259;1035;1294;88;114;376;129;0.0;0.0;1799;17121;0.0;1134;0.0;7
39;2020-04-03;Friuli Venezia Giulia;201;61;262;1062;1324;30;80;419;136;0.0;0.0;1879;19985;0.0;2864;0.0;7
40;2020-04-04;Friuli Venezia Giulia;183;50;233;1103;1336;12;107;505;145;0.0;0.0;1986;21126;0.0;1141;0.0;9
41;2020-04-05;Friuli Venezia Giulia;185;50;235;1128;1363;27;62;531;154;0.0;0.0;2048;21652;0.0;526;0.0;9
42;2020-04-06;Friuli Venezia Giulia;189;46;235;1161;1396;33;55;549;158;0.0;0.0;2103;22272;0.0;620;0.0;4
43;2020-04-07;Friuli Venezia Giulia;185;44;229;1150;1379;-17;50;610;164;0.0;0.0;2153;23536;0.0;1264;0.0;6
44;2020-04-08;Friuli Venezia Giulia;162;41;203;1212;1415;36;65;634;169;0.0;0.0;2218;24798;0.0;1262;0.0;5
45;2020-04-09;Friuli Venezia Giulia;167;37;204;1186;1390;-25;81;738;171;0.0;0.0;2299;26205;0.0;1407;0.0;2
46;2020-04-10;Friuli Venezia Giulia;167;33;200;1198;1398;8;50;772;179;0.0;0.0;2349;28097;0.0;1892;0.0;8
47;2020-04-11;Friuli Venezia Giulia;172;28;200;1182;1382;-16;44;826;185;0.0;0.0;2393;29685;0.0;1588;0.0;6
48;2020-04-12;Friuli Venezia Giulia;160;28;188;1138;1326;-56;38;910;195;0.0;0.0;2431;29988;0.0;303;0.0;10
49;2020-04-13;Friuli Venezia Giulia;159;30;189;1118;1307;-19;51;973;202;0.0;0.0;2482;30941;0.0;953;0.0;7
50;2020-04-14;Friuli Venezia Giulia;166;28;194;705;899;-408;38;1415;206;0.0;0.0;2520;31764;0.0;823;0.0;4
51;2020-04-15;Friuli Venezia Giulia;163;24;187;1207;1394;495;24;938;212;0.0;0.0;2544;33800;0.0;2036;0.0;6
52;2020-04-16;Friuli Venezia Giulia;159;26;185;1145;1330;-64;72;1069;217;0.0;0.0;2616;35766;0.0;1966;0.0;5
53;2020-04-17;Friuli Venezia Giulia;148;23;171;1257;1428;98;59;1027;220;0.0;0.0;2675;40030;0.0;4264;0.0;3
54;2020-04-18;Friuli Venezia Giulia;141;27;168;1235;1403;-25;56;1106;222;0.0;0.0;2731;43293;0.0;3263;0.0;2
55;2020-04-19;Friuli Venezia Giulia;140;25;165;1172;1337;-66;14;1183;225;0.0;0.0;2745;44622;27544.0;1329;27544.0;3
56;2020-04-20;Friuli Venezia Giulia;140;22;162;1028;1190;-147;30;1346;239;0.0;0.0;2775;45161;28777.0;539;1233.0;14
57;2020-04-21;Friuli Venezia Giulia;139;21;160;1162;1322;132;17;1229;241;0.0;0.0;2792;48500;31352.0;3339;2575.0;2
58;2020-04-22;Friuli Venezia Giulia;134;20;154;1154;1308;-14;25;1263;246;0.0;0.0;2817;50869;32871.0;2369;1519.0;5
59;2020-04-23;Friuli Venezia Giulia;138;18;156;979;1135;-173;41;1467;256;0.0;0.0;2858;52918;34057.0;2049;1186.0;10
60;2020-04-24;Friuli Venezia Giulia;136;16;152;1168;1320;185;24;1304;258;0.0;0.0;2882;55502;35547.0;2584;1490.0;2
61;2020-04-25;Friuli Venezia Giulia;122;15;137;947;1084;-236;21;1556;263;0.0;0.0;2903;58375;37211.0;2873;1664.0;5
62;2020-04-26;Friuli Venezia Giulia;129;13;142;1106;1248;164;14;1405;264;0.0;0.0;2917;59681;38202.0;1306;991.0;1
63;2020-04-27;Friuli Venezia Giulia;130;13;143;1115;1258;10;60;1448;271;0.0;0.0;2977;60940;39330.0;1259;1128.0;7
64;2020-04-28;Friuli Venezia Giulia;136;13;149;1090;1239;-19;18;1478;278;0.0;0.0;2995;64151;41273.0;3211;1943.0;7
65;2020-04-29;Friuli Venezia Giulia;134;12;146;1081;1227;-12;15;1498;285;0.0;0.0;3010;66769;42902.0;2618;1629.0;7
66;2020-04-30;Friuli Venezia Giulia;109;11;120;1050;1170;-57;15;1566;289;0.0;0.0;3025;67930;43691.0;1161;789.0;4
67;2020-05-01;Friuli Venezia Giulia;131;6;137;978;1115;-55;16;1632;294;0.0;0.0;3041;71013;45566.0;3083;1875.0;5
68;2020-05-02;Friuli Venezia Giulia;131;5;136;973;1109;-6;18;1655;295;0.0;0.0;3059;73855;47259.0;2842;1693.0;1
69;2020-05-03;Friuli Venezia Giulia;131;6;137;950;1087;-22;13;1688;297;0.0;0.0;3072;74990;48041.0;1135;782.0;2
70;2020-05-04;Friuli Venezia Giulia;130;4;134;916;1050;-37;4;1727;299;0.0;0.0;3076;75421;48250.0;431;209.0;2
71;2020-05-05;Friuli Venezia Giulia;120;4;124;860;984;-66;9;1798;303;0.0;0.0;3085;78510;50135.0;3089;1885.0;4
72;2020-05-06;Friuli Venezia Giulia;115;3;118;844;962;-22;9;1826;306;0.0;0.0;3094;79429;50698.0;919;563.0;3
73;2020-05-07;Friuli Venezia Giulia;109;2;111;816;927;-35;13;1872;308;0.0;0.0;3107;82012;51123.0;2583;425.0;2
74;2020-05-08;Friuli Venezia Giulia;105;2;107;804;911;-16;9;1897;308;0.0;0.0;3116;82902;52784.0;890;1661.0;0
75;2020-05-09;Friuli Venezia Giulia;101;3;104;765;869;-42;8;1947;308;0.0;0.0;3124;88384;55319.0;5482;2535.0;0
76;2020-05-10;Friuli Venezia Giulia;98;3;101;750;851;-18;6;1969;310;0.0;0.0;3130;89449;56205.0;1065;886.0;2
77;2020-05-11;Friuli Venezia Giulia;96;3;99;731;830;-21;8;1996;312;0.0;0.0;3138;90860;57130.0;1411;925.0;2
78;2020-05-12;Friuli Venezia Giulia;96;2;98;703;801;-29;10;2034;313;0.0;0.0;3148;93051;58395.0;2191;1265.0;1
79;2020-05-13;Friuli Venezia Giulia;92;2;94;685;779;-22;8;2061;316;0.0;0.0;3156;94600;58936.0;1549;541.0;3
80;2020-05-14;Friuli Venezia Giulia;149;2;151;619;770;-9;5;2074;317;0.0;0.0;3161;97000;60177.0;2400;1241.0;1
81;2020-05-15;Friuli Venezia Giulia;80;3;83;658;741;-29;14;2116;318;0.0;0.0;3175;100400;62319.0;3400;2142.0;1
82;2020-05-16;Friuli Venezia Giulia;79;3;82;598;680;-61;8;2184;319;0.0;0.0;3183;101694;63251.0;1294;932.0;1
83;2020-05-17;Friuli Venezia Giulia;80;3;83;571;654;-26;8;2218;319;0.0;0.0;3191;104056;64558.0;2362;1307.0;0
84;2020-05-18;Friuli Venezia Giulia;81;3;84;537;621;-33;7;2257;320;0.0;0.0;3198;104874;65184.0;818;626.0;1
85;2020-05-19;Friuli Venezia Giulia;76;2;78;522;600;-21;5;2283;320;0.0;0.0;3203;105656;65476.0;782;292.0;0
86;2020-05-20;Friuli Venezia Giulia;76;2;78;518;596;-4;6;2291;322;0.0;0.0;3209;108671;67449.0;3015;1973.0;2
87;2020-05-21;Friuli Venezia Giulia;72;2;74;504;578;-18;6;2314;323;0.0;0.0;3215;111541;68882.0;2870;1433.0;1
88;2020-05-22;Friuli Venezia Giulia;68;2;70;415;485;-93;12;2417;325;0.0;0.0;3227;114062;70035.0;2521;1153.0;2
89;2020-05-23;Friuli Venezia Giulia;63;1;64;395;459;-26;6;2447;327;0.0;0.0;3233;116689;71043.0;2627;1008.0;2
90;2020-05-24;Friuli Venezia Giulia;62;1;63;349;412;-47;3;2495;329;0.0;0.0;3236;118852;72104.0;2163;1061.0;2
91;2020-05-25;Friuli Venezia Giulia;62;1;63;323;386;-26;4;2525;329;0.0;0.0;3240;120123;73079.0;1271;975.0;0
92;2020-05-26;Friuli Venezia Giulia;59;1;60;315;375;-11;11;2547;329;0.0;0.0;3251;121412;73911.0;1289;832.0;0
93;2020-05-27;Friuli Venezia Giulia;51;1;52;304;356;-19;4;2568;331;0.0;0.0;3255;123063;74332.0;1651;421.0;2
94;2020-05-28;Friuli Venezia Giulia;51;1;52;284;336;-20;7;2593;333;0.0;0.0;3262;126015;76369.0;2952;2037.0;2
95;2020-05-29;Friuli Venezia Giulia;45;2;47;276;323;-13;5;2611;333;0.0;0.0;3267;130838;78151.0;4823;1782.0;0
96;2020-05-30;Friuli Venezia Giulia;45;1;46;259;305;-18;4;2633;333;0.0;0.0;3271;131976;78972.0;1138;821.0;0
97;2020-05-31;Friuli Venezia Giulia;41;1;42;236;278;-27;2;2662;333;0.0;0.0;3273;134378;80223.0;2402;1251.0;0
98;2020-06-01;Friuli Venezia Giulia;40;2;42;224;266;-12;1;2673;335;0.0;0.0;3274;135431;80085.0;1053;-138.0;2
99;2020-06-02;Friuli Venezia Giulia;40;2;42;202;244;-22;2;2696;336;0.0;0.0;3276;136524;80795.0;1093;710.0;1
100;2020-06-03;Friuli Venezia Giulia;39;2;41;192;233;-11;0;2707;336;0.0;0.0;3276;138250;81683.0;1726;888.0;0
101;2020-06-04;Friuli Venezia Giulia;34;2;36;177;213;-20;3;2730;336;0.0;0.0;3279;138942;81854.0;692;171.0;0
102;2020-06-05;Friuli Venezia Giulia;25;2;27;153;180;-33;1;2762;338;0.0;0.0;3280;142246;83600.0;3304;1746.0;2
103;2020-06-06;Friuli Venezia Giulia;24;2;26;135;161;-19;3;2784;338;0.0;0.0;3283;146338;84978.0;4092;1378.0;0
104;2020-06-07;Friuli Venezia Giulia;22;4;26;125;151;-10;0;2793;339;0.0;0.0;3283;147673;85671.0;1335;693.0;1
105;2020-06-08;Friuli Venezia Giulia;22;3;25;119;144;-7;1;2800;340;0.0;0.0;3284;148030;85834.0;357;163.0;1
106;2020-06-09;Friuli Venezia Giulia;21;2;23;105;128;-16;0;2816;340;0.0;0.0;3284;148889;86257.0;859;423.0;0
107;2020-06-10;Friuli Venezia Giulia;25;1;26;87;113;-15;2;2832;341;0.0;0.0;3286;152866;90061.0;3977;3804.0;1
108;2020-06-11;Friuli Venezia Giulia;22;0;22;90;112;-1;1;2833;342;0.0;0.0;3287;153763;90508.0;897;447.0;1
109;2020-06-12;Friuli Venezia Giulia;18;0;18;90;108;-4;3;2840;342;0.0;0.0;3290;157909;92278.0;4146;1770.0;0
110;2020-06-13;Friuli Venezia Giulia;15;0;15;90;105;-3;6;2848;343;0.0;0.0;3296;158870;93222.0;961;944.0;1
111;2020-06-14;Friuli Venezia Giulia;15;1;16;87;103;-2;0;2850;343;0.0;0.0;3296;160824;93641.0;1954;419.0;0
112;2020-06-15;Friuli Venezia Giulia;15;1;16;83;99;-4;0;2854;343;0.0;0.0;3296;161945;94567.0;1121;926.0;0
113;2020-06-16;Friuli Venezia Giulia;14;0;14;85;99;0;1;2855;343;0.0;0.0;3297;162440;95057.0;495;490.0;0
114;2020-06-17;Friuli Venezia Giulia;16;0;16;83;99;0;2;2857;343;0.0;0.0;3299;166064;96534.0;3624;1477.0;0
115;2020-06-18;Friuli Venezia Giulia;15;1;16;81;97;-2;2;2861;343;0.0;0.0;3301;167485;97662.0;1421;1128.0;0
116;2020-06-19;Friuli Venezia Giulia;16;0;16;69;85;-12;2;2875;343;0.0;0.0;3303;170109;98912.0;2624;1250.0;0
117;2020-06-20;Friuli Venezia Giulia;16;1;17;66;83;-2;1;2877;344;0.0;0.0;3304;171947;99462.0;1838;550.0;1
118;2020-06-21;Friuli Venezia Giulia;16;0;16;62;78;-5;1;2883;344;0.0;0.0;3305;174652;101192.0;2705;1730.0;0
119;2020-06-22;Friuli Venezia Giulia;15;0;15;57;72;-6;0;2889;344;0.0;0.0;3305;175706;101622.0;1054;430.0;0
120;2020-06-23;Friuli Venezia Giulia;14;0;14;57;71;-1;0;2890;344;0.0;0.0;3305;176470;102267.0;764;645.0;0
121;2020-06-24;Friuli Venezia Giulia;13;0;13;44;57;-14;0;2904;344;0.0;0.0;3305;178733;103086.0;2263;819.0;0
122;2020-06-25;Friuli Venezia Giulia;12;0;12;41;53;-4;0;2907;345;3305.0;0.0;3305;180978;103759.0;2245;673.0;1
123;2020-06-26;Friuli Venezia Giulia;13;0;13;35;48;-5;2;2914;345;3306.0;1.0;3307;183824;104501.0;2846;742.0;0
124;2020-06-27;Friuli Venezia Giulia;12;0;12;30;42;-6;0;2920;345;3306.0;1.0;3307;185651;105108.0;1827;607.0;0
125;2020-06-28;Friuli Venezia Giulia;12;0;12;26;38;-4;1;2925;345;3307.0;1.0;3308;186781;105492.0;1130;384.0;0
126;2020-06-29;Friuli Venezia Giulia;12;0;12;24;36;-2;0;2927;345;3307.0;1.0;3308;187500;105815.0;719;323.0;0
127;2020-06-30;Friuli Venezia Giulia;9;0;9;36;45;9;0;2918;345;3307.0;1.0;3308;189955;106632.0;2455;817.0;0
128;2020-07-01;Friuli Venezia Giulia;6;0;6;50;56;11;4;2911;345;3311.0;1.0;3312;192106;107364.0;2151;732.0;0
129;2020-07-02;Friuli Venezia Giulia;6;0;6;56;62;6;2;2907;345;3311.0;3.0;3314;194395;107907.0;2289;543.0;0
130;2020-07-03;Friuli Venezia Giulia;6;0;6;62;68;6;4;2905;345;3315.0;3.0;3318;196975;108444.0;2580;537.0;0
131;2020-07-04;Friuli Venezia Giulia;6;0;6;67;73;5;8;2908;345;3322.0;4.0;3326;199207;109076.0;2232;632.0;0
132;2020-07-05;Friuli Venezia Giulia;7;0;7;66;73;0;0;2908;345;3322.0;4.0;3326;199988;109389.0;781;313.0;0
133;2020-07-06;Friuli Venezia Giulia;9;0;9;62;71;-2;0;2910;345;3322.0;4.0;3326;200651;109777.0;663;388.0;0
134;2020-07-07;Friuli Venezia Giulia;7;0;7;65;72;1;1;2910;345;3323.0;4.0;3327;202753;110428.0;2102;651.0;0
135;2020-07-08;Friuli Venezia Giulia;8;0;8;74;82;10;4;2904;345;3325.0;6.0;3331;204580;111069.0;1827;641.0;0
136;2020-07-09;Friuli Venezia Giulia;2;0;2;73;75;-7;1;2912;345;3326.0;6.0;3332;206808;111646.0;2228;577.0;0
137;2020-07-10;Friuli Venezia Giulia;2;0;2;76;78;3;1;2910;345;3327.0;6.0;3333;209161;112349.0;2353;703.0;0
138;2020-07-11;Friuli Venezia Giulia;1;0;1;78;79;1;2;2911;345;3328.0;7.0;3335;211002;112962.0;1841;613.0;0
139;2020-07-12;Friuli Venezia Giulia;2;0;2;77;79;0;0;2911;345;3328.0;7.0;3335;212196;113699.0;1194;737.0;0
140;2020-07-13;Friuli Venezia Giulia;3;0;3;77;80;1;0;2910;345;3328.0;7.0;3335;212714;113993.0;518;294.0;0
141;2020-07-14;Friuli Venezia Giulia;4;0;4;82;86;6;3;2907;345;3331.0;7.0;3338;214706;114618.0;1992;625.0;0
142;2020-07-15;Friuli Venezia Giulia;5;0;5;88;93;7;1;2901;345;3332.0;7.0;3339;217376;115345.0;2670;727.0;0
143;2020-07-16;Friuli Venezia Giulia;7;0;7;90;97;4;4;2901;345;3336.0;7.0;3343;219943;116013.0;2567;668.0;0
144;2020-07-17;Friuli Venezia Giulia;7;0;7;89;96;-1;3;2905;345;3339.0;7.0;3346;222778;116622.0;2835;609.0;0
145;2020-07-18;Friuli Venezia Giulia;7;0;7;92;99;3;4;2906;345;3343.0;7.0;3350;224856;117057.0;2078;435.0;0
146;2020-07-19;Friuli Venezia Giulia;7;0;7;89;96;-3;2;2911;345;3345.0;7.0;3352;226187;117551.0;1331;494.0;0
147;2020-07-20;Friuli Venezia Giulia;7;0;7;92;99;3;4;2912;345;3346.0;10.0;3356;227019;118033.0;832;482.0;0
148;2020-07-21;Friuli Venezia Giulia;7;0;7;92;99;0;2;2914;345;3346.0;12.0;3358;229633;118838.0;2614;805.0;0
149;2020-07-22;Friuli Venezia Giulia;8;0;8;90;98;-1;2;2917;345;3347.0;13.0;3360;232099;119547.0;2466;709.0;0
150;2020-07-23;Friuli Venezia Giulia;7;1;8;89;97;-1;3;2921;345;3349.0;14.0;3363;234588;120339.0;2489;792.0;0
151;2020-02-24;Campania;0;0;0;0;0;0;0;0;0;0.0;0.0;0;10;0.0;10;0.0;0
152;2020-02-25;Campania;0;0;0;0;0;0;0;0;0;0.0;0.0;0;10;0.0;0;0.0;0
153;2020-02-26;Campania;0;0;0;0;0;0;0;0;0;0.0;0.0;0;10;0.0;0;0.0;0
154;2020-02-27;Campania;2;0;2;1;3;3;3;0;0;0.0;0.0;3;10;0.0;0;0.0;0
155;2020-02-28;Campania;2;0;2;2;4;1;1;0;0;0.0;0.0;4;213;0.0;203;0.0;0
156;2020-02-29;Campania;3;0;3;10;13;9;9;0;0;0.0;0.0;13;373;0.0;160;0.0;0
157;2020-03-01;Campania;4;0;4;13;17;4;4;0;0;0.0;0.0;17;373;0.0;0;0.0;0
158;2020-03-02;Campania;4;0;4;13;17;0;0;0;0;0.0;0.0;17;373;0.0;0;0.0;0
159;2020-03-03;Campania;11;0;11;19;30;13;13;0;0;0.0;0.0;30;405;0.0;32;0.0;0
160;2020-03-04;Campania;11;0;11;20;31;1;1;0;0;0.0;0.0;31;429;0.0;24;0.0;0
161;2020-03-05;Campania;12;0;12;33;45;14;14;0;0;0.0;0.0;45;471;0.0;42;0.0;0
162;2020-03-06;Campania;12;0;12;45;57;12;12;0;0;0.0;0.0;57;471;0.0;0;0.0;0
163;2020-03-07;Campania;16;0;16;45;61;4;4;0;0;0.0;0.0;61;612;0.0;141;0.0;0
164;2020-03-08;Campania;30;7;37;63;100;39;40;1;0;0.0;0.0;101;980;0.0;368;0.0;0
165;2020-03-09;Campania;42;8;50;69;119;19;19;1;0;0.0;0.0;120;980;0.0;0;0.0;0
166;2020-03-10;Campania;33;8;41;85;126;7;7;1;0;0.0;0.0;127;1141;0.0;161;0.0;0
167;2020-03-11;Campania;56;11;67;82;149;23;27;4;1;0.0;0.0;154;1375;0.0;234;0.0;1
168;2020-03-12;Campania;56;11;67;107;174;25;25;4;1;0.0;0.0;179;1551;0.0;176;0.0;0
169;2020-03-13;Campania;60;19;79;134;213;39;41;5;2;0.0;0.0;220;1671;0.0;120;0.0;1
170;2020-03-14;Campania;72;17;89;154;243;30;52;23;6;0.0;0.0;272;1936;0.0;265;0.0;4
171;2020-03-15;Campania;73;22;95;201;296;53;61;28;9;0.0;0.0;333;2213;0.0;277;0.0;3
172;2020-03-16;Campania;103;22;125;238;363;67;67;28;9;0.0;0.0;400;2517;0.0;304;0.0;0
173;2020-03-17;Campania;127;24;151;272;423;60;60;28;9;0.0;0.0;460;2685;0.0;168;0.0;0
174;2020-03-18;Campania;127;24;151;272;423;0;0;28;9;0.0;0.0;460;2685;0.0;0;0.0;0
175;2020-03-19;Campania;213;36;249;356;605;182;192;30;17;0.0;0.0;652;3544;0.0;859;0.0;8
176;2020-03-20;Campania;130;41;171;531;702;97;97;30;17;0.0;0.0;749;3845;0.0;301;0.0;0
177;2020-03-21;Campania;233;87;320;473;793;91;95;29;22;0.0;0.0;844;4448;0.0;603;0.0;5
178;2020-03-22;Campania;243;99;342;524;866;73;92;41;29;0.0;0.0;936;4943;0.0;495;0.0;7
179;2020-03-23;Campania;266;110;376;553;929;63;90;48;49;0.0;0.0;1026;5813;0.0;870;0.0;20
180;2020-03-24;Campania;345;181;526;466;992;63;75;53;56;0.0;0.0;1101;6297;0.0;484;0.0;7
181;2020-03-25;Campania;318;123;441;631;1072;80;98;53;74;0.0;0.0;1199;6972;0.0;675;0.0;18
182;2020-03-26;Campania;448;114;562;607;1169;97;111;58;83;0.0;0.0;1310;8346;0.0;1374;0.0;9
183;2020-03-27;Campania;456;113;569;723;1292;123;144;64;98;0.0;0.0;1454;9613;0.0;1267;0.0;15
184;2020-03-28;Campania;463;132;595;812;1407;115;138;76;109;0.0;0.0;1592;10616;0.0;1003;0.0;11
185;2020-03-29;Campania;476;135;611;945;1556;149;167;86;117;0.0;0.0;1759;11805;0.0;1189;0.0;8
186;2020-03-30;Campania;468;126;594;1145;1739;183;193;88;125;0.0;0.0;1952;12969;0.0;1164;0.0;8
187;2020-03-31;Campania;501;133;634;1237;1871;132;140;88;133;0.0;0.0;2092;14403;0.0;1434;0.0;8
188;2020-04-01;Campania;478;129;607;1369;1976;105;139;107;148;0.0;0.0;2231;15728;0.0;1325;0.0;15
189;2020-04-02;Campania;503;120;623;1517;2140;164;225;149;167;0.0;0.0;2456;17404;0.0;1676;0.0;19
190;2020-04-03;Campania;532;115;647;1705;2352;212;221;144;181;0.0;0.0;2677;19237;0.0;1833;0.0;14
191;2020-04-04;Campania;567;114;681;1815;2496;144;151;146;186;0.0;0.0;2828;21534;0.0;2297;0.0;5
192;2020-04-05;Campania;609;108;717;1904;2621;125;132;150;189;0.0;0.0;2960;23139;0.0;1605;0.0;3
193;2020-04-06;Campania;610;101;711;1987;2698;77;98;156;204;0.0;0.0;3058;24526;0.0;1387;0.0;15
194;2020-04-07;Campania;603;103;706;2059;2765;67;90;167;216;0.0;0.0;3148;25779;0.0;1253;0.0;12
195;2020-04-08;Campania;608;97;705;2154;2859;94;120;188;221;0.0;0.0;3268;27784;0.0;2005;0.0;5
196;2020-04-09;Campania;604;94;698;2175;2873;14;76;244;227;0.0;0.0;3344;29664;0.0;1880;0.0;6
197;2020-04-10;Campania;600;90;690;2273;2963;90;98;248;231;0.0;0.0;3442;31745;0.0;2081;0.0;4
198;2020-04-11;Campania;582;85;667;2335;3002;39;75;277;238;0.0;0.0;3517;33781;0.0;2036;0.0;7
199;2020-04-12;Campania;526;82;608;2449;3057;55;87;305;242;0.0;0.0;3604;35448;0.0;1667;0.0;4
200;2020-04-13;Campania;606;80;686;2376;3062;5;66;360;248;0.0;0.0;3670;36770;0.0;1322;0.0;6
201;2020-04-14;Campania;618;82;700;2394;3094;32;99;415;260;0.0;0.0;3769;38094;0.0;1324;0.0;12
202;2020-04-15;Campania;607;86;693;2394;3087;-7;38;442;278;0.0;0.0;3807;39534;0.0;1440;0.0;18
203;2020-04-16;Campania;618;76;694;2424;3118;31;80;483;286;0.0;0.0;3887;41296;0.0;1762;0.0;8
204;2020-04-17;Campania;622;76;698;2329;3027;-91;64;631;293;0.0;0.0;3951;43697;0.0;2401;0.0;7
205;2020-04-18;Campania;605;76;681;2364;3045;18;37;643;300;0.0;0.0;3988;46294;0.0;2597;0.0;7
206;2020-04-19;Campania;590;61;651;2371;3022;-23;41;703;304;0.0;0.0;4029;48187;34994.0;1893;34994.0;4
207;2020-04-20;Campania;586;61;647;2372;3019;-3;45;746;309;0.0;0.0;4074;51090;36153.0;2903;1159.0;5
208;2020-04-21;Campania;532;58;590;2356;2946;-73;61;872;317;0.0;0.0;4135;53548;37505.0;2458;1352.0;8
209;2020-04-22;Campania;523;53;576;2422;2998;52;50;860;327;0.0;0.0;4185;55701;38679.0;2153;1174.0;10
210;2020-04-23;Campania;539;47;586;2392;2978;-20;53;928;332;0.0;0.0;4238;58324;38679.0;2623;0.0;5
211;2020-04-24;Campania;524;44;568;2375;2943;-35;44;1003;336;0.0;0.0;4282;61331;40053.0;3007;1374.0;4
212;2020-04-25;Campania;543;55;598;2337;2935;-8;17;1023;341;0.0;0.0;4299;64521;41399.0;3190;1346.0;5
213;2020-04-26;Campania;536;45;581;2343;2924;-11;32;1062;345;0.0;0.0;4331;67218;42279.0;2697;880.0;4
214;2020-04-27;Campania;541;37;578;2299;2877;-47;18;1120;352;0.0;0.0;4349;68727;42463.0;1509;184.0;7
215;2020-04-28;Campania;544;33;577;2225;2802;-75;31;1220;358;0.0;0.0;4380;70566;42690.0;1839;227.0;6
216;2020-04-29;Campania;518;31;549;2233;2782;-20;30;1269;359;0.0;0.0;4410;73094;43449.0;2528;759.0;1
217;2020-04-30;Campania;484;29;513;2260;2773;-9;13;1291;359;0.0;0.0;4423;76108;44233.0;3014;784.0;0
218;2020-05-01;Campania;478;29;507;2246;2753;-20;21;1332;359;0.0;0.0;4444;79940;44975.0;3832;742.0;0
219;2020-05-02;Campania;470;27;497;2224;2721;-32;15;1376;362;0.0;0.0;4459;83592;45955.0;3652;980.0;3
220;2020-05-03;Campania;455;30;485;2241;2726;5;25;1394;364;0.0;0.0;4484;86498;47027.0;2906;1072.0;2
221;2020-05-04;Campania;438;24;462;2249;2711;-15;14;1421;366;0.0;0.0;4498;90543;48275.0;4045;1248.0;2
222;2020-05-05;Campania;408;25;433;2097;2530;-181;20;1619;369;0.0;0.0;4518;93068;48733.0;2525;458.0;3
223;2020-05-06;Campania;433;25;458;1882;2340;-190;14;1816;376;0.0;0.0;4532;96548;49478.0;3480;745.0;7
224;2020-05-07;Campania;415;27;442;1697;2139;-201;9;2023;379;0.0;0.0;4541;101025;50463.0;4477;985.0;3
225;2020-05-08;Campania;418;28;446;1566;2012;-127;21;2164;386;0.0;0.0;4562;105399;51402.0;4374;939.0;7
226;2020-05-09;Campania;415;26;441;1524;1965;-47;14;2223;388;0.0;0.0;4576;110811;52593.0;5412;1191.0;2
227;2020-05-10;Campania;435;20;455;1460;1915;-50;12;2282;391;0.0;0.0;4588;114819;53475.0;4008;882.0;3
228;2020-05-11;Campania;436;23;459;1450;1909;-6;14;2301;392;0.0;0.0;4602;119042;54822.0;4223;1347.0;1
229;2020-05-12;Campania;414;20;434;1443;1877;-32;13;2345;393;0.0;0.0;4615;121253;55406.0;2211;584.0;1
230;2020-05-13;Campania;402;19;421;1394;1815;-62;15;2421;394;0.0;0.0;4630;124370;56390.0;3117;984.0;1
231;2020-05-14;Campania;387;19;406;1359;1765;-50;9;2480;394;0.0;0.0;4639;127938;57684.0;3568;1294.0;0
232;2020-05-15;Campania;341;17;358;1378;1736;-29;15;2522;396;0.0;0.0;4654;131544;59162.0;3606;1478.0;2
233;2020-05-16;Campania;351;16;367;1343;1710;-26;14;2562;396;0.0;0.0;4668;136261;61574.0;4717;2412.0;0
234;2020-05-17;Campania;342;17;359;1337;1696;-14;16;2592;396;0.0;0.0;4684;139787;63039.0;3526;1465.0;0
235;2020-05-18;Campania;342;17;359;1314;1673;-23;11;2623;399;0.0;0.0;4695;143478;67155.0;3691;4116.0;3
236;2020-05-19;Campania;330;17;347;1171;1518;-155;12;2790;399;0.0;0.0;4707;147225;69264.0;3747;2109.0;0
237;2020-05-20;Campania;318;12;330;1112;1442;-76;7;2871;401;0.0;0.0;4714;150764;71118.0;3539;1854.0;2
238;2020-05-21;Campania;312;9;321;1052;1373;-69;9;2947;403;0.0;0.0;4723;155842;73912.0;5078;2794.0;2
239;2020-05-22;Campania;312;9;321;971;1292;-81;10;3037;404;0.0;0.0;4733;161825;76907.0;5983;2995.0;1
240;2020-05-23;Campania;295;10;305;968;1273;-19;11;3067;404;0.0;0.0;4744;166692;79655.0;4867;2748.0;0
241;2020-05-24;Campania;311;8;319;949;1268;-5;5;3076;405;0.0;0.0;4749;172106;80942.0;5414;1287.0;1
242;2020-05-25;Campania;287;7;294;919;1213;-55;6;3137;405;0.0;0.0;4755;175466;82786.0;3360;1844.0;0
243;2020-05-26;Campania;286;5;291;893;1184;-29;12;3178;405;0.0;0.0;4767;179845;85780.0;4379;2994.0;0
244;2020-05-27;Campania;275;6;281;865;1146;-38;6;3221;406;0.0;0.0;4773;185724;88874.0;5879;3094.0;1
245;2020-05-28;Campania;260;6;266;746;1012;-134;4;3355;410;0.0;0.0;4777;189068;90670.0;3344;1796.0;4
246;2020-05-29;Campania;236;7;243;743;986;-26;10;3390;411;0.0;0.0;4787;193669;93464.0;4601;2794.0;1
247;2020-05-30;Campania;236;7;243;738;981;-5;10;3405;411;0.0;0.0;4797;198033;95903.0;4364;2439.0;0
248;2020-05-31;Campania;227;5;232;748;980;-1;5;3410;412;0.0;0.0;4802;201543;98096.0;3510;2193.0;1
249;2020-06-01;Campania;224;6;230;709;939;-41;4;3454;413;0.0;0.0;4806;203858;99580.0;2315;1484.0;1
250;2020-06-02;Campania;236;7;243;647;890;-49;3;3504;415;0.0;0.0;4809;206834;100269.0;2976;689.0;2
251;2020-06-03;Campania;206;4;210;659;869;-21;12;3537;415;0.0;0.0;4821;208854;101664.0;2020;1395.0;0
252;2020-06-04;Campania;160;5;165;665;830;-39;1;3572;420;0.0;0.0;4822;210001;102305.0;1147;641.0;5
253;2020-06-05;Campania;133;7;140;634;774;-56;0;3623;425;0.0;0.0;4822;212486;104169.0;2485;1864.0;5
254;2020-06-06;Campania;97;7;104;634;738;-36;0;3658;426;0.0;0.0;4822;215404;105814.0;2918;1645.0;1
255;2020-06-07;Campania;86;6;92;633;725;-13;4;3675;426;0.0;0.0;4826;217898;108785.0;2494;2971.0;0
256;2020-06-08;Campania;82;6;88;629;717;-8;2;3685;426;0.0;0.0;4828;219033;109534.0;1135;749.0;0
257;2020-06-09;Campania;73;3;76;599;675;-42;5;3732;426;0.0;0.0;4833;220662;110583.0;1629;1049.0;0
258;2020-06-10;Campania;74;2;76;566;642;-33;1;3764;428;0.0;0.0;4834;223302;112309.0;2640;1726.0;2
259;2020-06-11;Campania;74;2;76;534;610;-32;3;3797;430;0.0;0.0;4837;226823;114073.0;3521;1764.0;2
260;2020-06-12;Campania;61;2;63;283;346;-264;-229;3832;430;0.0;0.0;4608;230551;115842.0;3728;1769.0;0
261;2020-06-13;Campania;67;2;69;268;337;-9;0;3841;430;0.0;0.0;4608;234666;118820.0;4115;2978.0;0
262;2020-06-14;Campania;53;2;55;264;319;-18;1;3860;430;0.0;0.0;4609;240290;121618.0;5624;2798.0;0
263;2020-06-15;Campania;58;2;60;229;289;-30;4;3894;430;0.0;0.0;4613;241380;122291.0;1090;673.0;0
264;2020-06-16;Campania;57;2;59;214;273;-16;0;3910;430;0.0;0.0;4613;242662;123167.0;1282;876.0;0
265;2020-06-17;Campania;48;2;50;208;258;-15;1;3925;431;0.0;0.0;4614;258207;124041.0;15545;874.0;1
266;2020-06-18;Campania;52;6;58;184;242;-16;1;3942;431;0.0;0.0;4615;259655;124683.0;1448;642.0;0
267;2020-06-19;Campania;47;3;50;75;125;-117;0;4059;431;0.0;0.0;4615;261642;125525.0;1987;842.0;0
268;2020-06-20;Campania;48;1;49;76;125;0;0;4059;431;0.0;0.0;4615;263560;126398.0;1918;873.0;0
269;2020-06-21;Campania;41;1;42;84;126;1;2;4060;431;0.0;0.0;4617;265122;127385.0;1562;987.0;0
270;2020-06-22;Campania;40;0;40;93;133;7;7;4060;431;0.0;0.0;4624;266472;127669.0;1350;284.0;0
271;2020-06-23;Campania;47;0;47;94;141;8;10;4062;431;0.0;0.0;4634;267306;128347.0;834;678.0;0
272;2020-06-24;Campania;35;0;35;113;148;7;11;4066;431;0.0;0.0;4645;269477;130025.0;2171;1678.0;0
273;2020-06-25;Campania;47;0;47;117;164;16;17;4067;431;4661.0;1.0;4662;271460;131319.0;1983;1294.0;0
274;2020-06-26;Campania;41;1;42;122;164;0;3;4070;431;4664.0;1.0;4665;272874;131984.0;1414;665.0;0
275;2020-06-27;Campania;45;0;45;118;163;-1;0;4071;431;4664.0;1.0;4665;276025;133632.0;3151;1648.0;0
276;2020-06-28;Campania;39;0;39;124;163;0;0;4071;431;4664.0;1.0;4665;277560;134651.0;1535;1019.0;0
277;2020-06-29;Campania;20;0;20;142;162;-1;1;4073;431;4664.0;2.0;4666;279246;135740.0;1686;1089.0;0
278;2020-06-30;Campania;29;0;29;152;181;19;24;4077;432;4677.0;13.0;4690;282523;138482.0;3277;2742.0;1
279;2020-07-01;Campania;16;0;16;173;189;8;9;4078;432;4678.0;21.0;4699;285388;139678.0;2865;1196.0;0
280;2020-07-02;Campania;15;0;15;175;190;1;3;4080;432;4680.0;22.0;4702;286812;140525.0;1424;847.0;0
281;2020-07-03;Campania;35;0;35;162;197;7;10;4083;432;4682.0;30.0;4712;289253;142219.0;2441;1694.0;0
282;2020-07-04;Campania;37;0;37;161;198;1;2;4084;432;4683.0;31.0;4714;290745;143232.0;1492;1013.0;0
283;2020-07-05;Campania;36;0;36;165;201;3;5;4086;432;4685.0;34.0;4719;292593;144281.0;1848;1049.0;0
284;2020-07-06;Campania;42;0;42;185;227;26;27;4087;432;4690.0;56.0;4746;293368;144742.0;775;461.0;0
285;2020-07-07;Campania;48;0;48;178;226;-1;1;4089;432;4691.0;56.0;4747;294712;145538.0;1344;796.0;0
286;2020-07-08;Campania;36;0;36;192;228;2;3;4090;432;4693.0;57.0;4750;296630;146632.0;1918;1094.0;0
287;2020-07-09;Campania;45;0;45;187;232;4;5;4091;432;4694.0;61.0;4755;298217;147644.0;1587;1012.0;0
288;2020-07-10;Campania;44;0;44;193;237;5;7;4093;432;4701.0;61.0;4762;299725;148627.0;1508;983.0;0
289;2020-07-11;Campania;47;0;47;195;242;5;7;4095;432;4708.0;61.0;4769;301677;149873.0;1952;1246.0;0
290;2020-07-12;Campania;13;0;13;233;246;4;3;4094;432;4711.0;61.0;4772;302889;150757.0;1212;884.0;0
291;2020-07-13;Campania;16;0;16;237;253;7;7;4094;432;4718.0;61.0;4779;303419;151102.0;530;345.0;0
292;2020-07-14;Campania;16;1;17;235;252;-1;0;4095;432;4718.0;61.0;4779;304517;151799.0;1098;697.0;0
293;2020-07-15;Campania;51;1;52;207;259;7;8;4096;432;4724.0;63.0;4787;306363;152896.0;1846;1097.0;0
294;2020-07-16;Campania;23;1;24;238;262;3;4;4097;432;4728.0;63.0;4791;307585;153642.0;1222;746.0;0
295;2020-07-17;Campania;49;1;50;222;272;10;12;4098;433;4739.0;64.0;4803;309290;154665.0;1705;1023.0;1
296;2020-07-18;Campania;44;1;45;242;287;15;15;4098;433;4754.0;64.0;4818;310851;155873.0;1561;1208.0;0
297;2020-07-19;Campania;34;0;34;260;294;7;9;4100;433;4763.0;64.0;4827;312260;156869.0;1409;996.0;0
298;2020-07-20;Campania;32;0;32;264;296;2;6;4104;433;4769.0;64.0;4833;312536;157038.0;276;169.0;0
299;2020-07-21;Campania;33;1;34;263;297;1;6;4108;434;4775.0;64.0;4839;314126;158142.0;1590;1104.0;1
300;2020-07-22;Campania;29;1;30;285;315;18;19;4109;434;4794.0;64.0;4858;316191;159338.0;2065;1196.0;0
301;2020-07-23;Campania;35;1;36;293;329;14;16;4111;434;4810.0;64.0;4874;318303;160605.0;2112;1267.0;0
302;2020-02-24;Valle d'Aosta;0;0;0;0;0;0;0;0;0;0.0;0.0;0;7;0.0;7;0.0;0
303;2020-02-25;Valle d'Aosta;0;0;0;0;0;0;0;0;0;0.0;0.0;0;7;0.0;0;0.0;0
304;2020-02-26;Valle d'Aosta;0;0;0;0;0;0;0;0;0;0.0;0.0;0;7;0.0;0;0.0;0
305;2020-02-27;Valle d'Aosta;0;0;0;0;0;0;0;0;0;0.0;0.0;0;9;0.0;2;0.0;0
306;2020-02-28;Valle d'Aosta;0;0;0;0;0;0;0;0;0;0.0;0.0;0;9;0.0;0;0.0;0
307;2020-02-29;Valle d'Aosta;0;0;0;0;0;0;0;0;0;0.0;0.0;0;9;0.0;0;0.0;0
308;2020-03-01;Valle d'Aosta;0;0;0;0;0;0;0;0;0;0.0;0.0;0;10;0.0;1;0.0;0
309;2020-03-02;Valle d'Aosta;0;0;0;0;0;0;0;0;0;0.0;0.0;0;11;0.0;1;0.0;0
310;2020-03-03;Valle d'Aosta;0;0;0;0;0;0;0;0;0;0.0;0.0;0;12;0.0;1;0.0;0
311;2020-03-04;Valle d'Aosta;0;0;0;0;0;0;0;0;0;0.0;0.0;0;15;0.0;3;0.0;0
312;2020-03-05;Valle d'Aosta;0;0;0;2;2;2;2;0;0;0.0;0.0;2;21;0.0;6;0.0;0
313;2020-03-06;Valle d'Aosta;0;0;0;7;7;5;5;0;0;0.0;0.0;7;28;0.0;7;0.0;0
314;2020-03-07;Valle d'Aosta;1;0;1;7;8;1;1;0;0;0.0;0.0;8;32;0.0;4;0.0;0
315;2020-03-08;Valle d'Aosta;1;0;1;8;9;1;1;0;0;0.0;0.0;9;41;0.0;9;0.0;0
316;2020-03-09;Valle d'Aosta;4;0;4;11;15;6;6;0;0;0.0;0.0;15;67;0.0;26;0.0;0
317;2020-03-10;Valle d'Aosta;2;0;2;15;17;2;2;0;0;0.0;0.0;17;89;0.0;22;0.0;0
318;2020-03-11;Valle d'Aosta;2;0;2;17;19;2;3;0;1;0.0;0.0;20;99;0.0;10;0.0;1
319;2020-03-12;Valle d'Aosta;7;0;7;19;26;7;7;0;1;0.0;0.0;27;118;0.0;19;0.0;0
320;2020-03-13;Valle d'Aosta;6;0;6;21;27;1;1;0;1;0.0;0.0;28;189;0.0;71;0.0;0
321;2020-03-14;Valle d'Aosta;12;0;12;29;41;14;14;0;1;0.0;0.0;42;231;0.0;42;0.0;0
322;2020-03-15;Valle d'Aosta;10;3;13;43;56;15;15;0;1;0.0;0.0;57;230;0.0;-1;0.0;0
323;2020-03-16;Valle d'Aosta;28;5;33;70;103;47;48;0;2;0.0;0.0;105;287;0.0;57;0.0;1
324;2020-03-17;Valle d'Aosta;35;6;41;93;134;31;31;0;2;0.0;0.0;136;398;0.0;111;0.0;0
325;2020-03-18;Valle d'Aosta;41;3;44;118;162;28;29;0;3;0.0;0.0;165;486;0.0;88;0.0;1
326;2020-03-19;Valle d'Aosta;47;9;56;153;209;47;50;0;6;0.0;0.0;215;608;0.0;122;0.0;3
327;2020-03-20;Valle d'Aosta;54;9;63;194;257;48;49;0;7;0.0;0.0;264;814;0.0;206;0.0;1
328;2020-03-21;Valle d'Aosta;62;15;77;227;304;47;49;1;8;0.0;0.0;313;884;0.0;70;0.0;1
329;2020-03-22;Valle d'Aosta;63;21;84;270;354;50;51;1;9;0.0;0.0;364;950;0.0;66;0.0;1
330;2020-03-23;Valle d'Aosta;69;20;89;290;379;25;29;2;12;0.0;0.0;393;1098;0.0;148;0.0;3
331;2020-03-24;Valle d'Aosta;71;20;91;288;379;0;7;2;19;0.0;0.0;400;1180;0.0;82;0.0;7
332;2020-03-25;Valle d'Aosta;70;25;95;280;375;-4;1;2;24;0.0;0.0;401;1200;0.0;20;0.0;5
333;2020-03-26;Valle d'Aosta;73;24;97;281;378;3;7;2;28;0.0;0.0;408;1203;0.0;3;0.0;4
334;2020-03-27;Valle d'Aosta;91;24;115;298;413;35;44;2;37;0.0;0.0;452;1252;0.0;49;0.0;9
335;2020-03-28;Valle d'Aosta;90;26;116;352;468;55;59;2;41;0.0;0.0;511;1380;0.0;128;0.0;4
336;2020-03-29;Valle d'Aosta;90;26;116;423;539;71;73;2;43;0.0;0.0;584;1480;0.0;100;0.0;2
337;2020-03-30;Valle d'Aosta;92;26;118;400;518;-21;0;16;50;0.0;0.0;584;1536;0.0;56;0.0;7
338;2020-03-31;Valle d'Aosta;91;26;117;435;552;34;44;20;56;0.0;0.0;628;1582;0.0;46;0.0;6
339;2020-04-01;Valle d'Aosta;85;27;112;428;540;-12;3;32;59;0.0;0.0;631;1717;0.0;135;0.0;3
340;2020-04-02;Valle d'Aosta;85;25;110;446;556;16;37;49;63;0.0;0.0;668;1934;0.0;217;0.0;4
341;2020-04-03;Valle d'Aosta;85;25;110;450;560;4;51;89;70;0.0;0.0;719;2106;0.0;172;0.0;7
342;2020-04-04;Valle d'Aosta;63;23;86;474;560;0;29;106;82;0.0;0.0;748;2274;0.0;168;0.0;12
343;2020-04-05;Valle d'Aosta;96;23;119;457;576;16;34;115;91;0.0;0.0;782;2390;0.0;116;0.0;9
344;2020-04-06;Valle d'Aosta;109;21;130;437;567;-9;23;142;96;0.0;0.0;805;2590;0.0;200;0.0;5
345;2020-04-07;Valle d'Aosta;118;17;135;458;593;26;30;142;100;0.0;0.0;835;2754;0.0;164;0.0;4
346;2020-04-08;Valle d'Aosta;120;20;140;466;606;13;15;142;102;0.0;0.0;850;2953;0.0;199;0.0;2
347;2020-04-09;Valle d'Aosta;118;18;136;473;609;3;18;154;105;0.0;0.0;868;3142;0.0;189;0.0;3
348;2020-04-10;Valle d'Aosta;131;16;147;455;602;-7;11;170;107;0.0;0.0;879;3328;0.0;186;0.0;2
349;2020-04-11;Valle d'Aosta;118;17;135;455;590;-12;23;205;107;0.0;0.0;902;3464;0.0;136;0.0;0
350;2020-04-12;Valle d'Aosta;109;16;125;463;588;-2;19;221;112;0.0;0.0;921;3510;0.0;46;0.0;5
351;2020-04-13;Valle d'Aosta;109;15;124;458;582;-6;6;230;115;0.0;0.0;927;3614;0.0;104;0.0;3
352;2020-04-14;Valle d'Aosta;112;14;126;433;559;-23;20;270;118;0.0;0.0;947;3726;0.0;112;0.0;3
353;2020-04-15;Valle d'Aosta;112;11;123;425;548;-11;11;289;121;0.0;0.0;958;3894;0.0;168;0.0;3
354;2020-04-16;Valle d'Aosta;105;12;117;401;518;-30;13;331;122;0.0;0.0;971;4159;0.0;265;0.0;1
355;2020-04-17;Valle d'Aosta;108;9;117;374;491;-27;22;379;123;0.0;0.0;993;4366;0.0;207;0.0;1
356;2020-04-18;Valle d'Aosta;107;10;117;432;549;58;80;400;124;0.0;0.0;1073;4521;0.0;155;0.0;1
357;2020-04-19;Valle d'Aosta;102;10;112;450;562;13;15;401;125;0.0;0.0;1088;4677;3802.0;156;3802.0;1
358;2020-04-20;Valle d'Aosta;102;8;110;438;548;-14;0;413;127;0.0;0.0;1088;4799;3910.0;122;108.0;2
359;2020-04-21;Valle d'Aosta;99;8;107;415;522;-26;5;445;126;0.0;0.0;1093;4911;3969.0;112;59.0;-1
360;2020-04-22;Valle d'Aosta;92;8;100;401;501;-21;2;467;127;0.0;0.0;1095;5024;4011.0;113;42.0;1
361;2020-04-23;Valle d'Aosta;91;9;100;363;463;-38;1;506;127;0.0;0.0;1096;5227;4133.0;203;122.0;0
362;2020-04-24;Valle d'Aosta;88;7;95;259;354;-109;4;617;129;0.0;0.0;1100;5262;4454.0;35;321.0;2
363;2020-04-25;Valle d'Aosta;83;6;89;224;313;-41;0;657;130;0.0;0.0;1100;5966;4694.0;704;240.0;1
364;2020-04-26;Valle d'Aosta;82;7;89;165;254;-59;6;721;131;0.0;0.0;1106;6135;4624.0;169;-70.0;1
365;2020-04-27;Valle d'Aosta;86;7;93;142;235;-19;5;743;133;0.0;0.0;1111;6551;4873.0;416;249.0;2
366;2020-04-28;Valle d'Aosta;81;5;86;123;209;-26;8;775;135;0.0;0.0;1119;6897;5069.0;346;196.0;2
367;2020-04-29;Valle d'Aosta;78;5;83;52;135;-74;5;852;137;0.0;0.0;1124;7181;5337.0;284;268.0;2
368;2020-04-30;Valle d'Aosta;76;4;80;9;89;-46;4;902;137;0.0;0.0;1128;7631;5647.0;450;310.0;0
369;2020-05-01;Valle d'Aosta;72;3;75;17;92;3;5;904;137;0.0;0.0;1133;7769;5818.0;138;171.0;0
370;2020-05-02;Valle d'Aosta;70;3;73;25;98;6;3;901;137;0.0;0.0;1136;7951;5931.0;182;113.0;0
371;2020-05-03;Valle d'Aosta;74;2;76;33;109;11;6;895;138;0.0;0.0;1142;8100;6046.0;149;115.0;1
372;2020-05-04;Valle d'Aosta;74;2;76;34;110;1;1;894;139;0.0;0.0;1143;8271;6200.0;171;154.0;1
373;2020-05-05;Valle d'Aosta;56;3;59;51;110;0;0;894;139;0.0;0.0;1143;8484;6342.0;213;142.0;0
374;2020-05-06;Valle d'Aosta;50;3;53;74;127;17;3;880;139;0.0;0.0;1146;8640;6461.0;156;119.0;0
375;2020-05-07;Valle d'Aosta;49;2;51;79;130;3;4;881;139;0.0;0.0;1150;8939;6702.0;299;241.0;0
376;2020-05-08;Valle d'Aosta;45;2;47;76;123;-7;1;889;139;0.0;0.0;1151;9280;6999.0;341;297.0;0
377;2020-05-09;Valle d'Aosta;45;3;48;70;118;-5;1;895;139;0.0;0.0;1152;9443;7130.0;163;131.0;0
378;2020-05-10;Valle d'Aosta;46;2;48;65;113;-5;5;905;139;0.0;0.0;1157;9833;7467.0;390;337.0;0
379;2020-05-11;Valle d'Aosta;44;1;45;62;107;-6;1;912;139;0.0;0.0;1158;10063;7651.0;230;184.0;0
380;2020-05-12;Valle d'Aosta;45;0;45;59;104;-3;2;916;140;0.0;0.0;1160;10415;7956.0;352;305.0;1
381;2020-05-13;Valle d'Aosta;38;0;38;55;93;-11;3;929;141;0.0;0.0;1163;10777;8254.0;362;298.0;1
382;2020-05-14;Valle d'Aosta;38;0;38;42;80;-13;3;945;141;0.0;0.0;1166;11100;8537.0;323;283.0;0
383;2020-05-15;Valle d'Aosta;37;0;37;40;77;-3;6;953;142;0.0;0.0;1172;11413;8814.0;313;277.0;1
384;2020-05-16;Valle d'Aosta;33;0;33;42;75;-2;1;956;142;0.0;0.0;1173;11835;9181.0;422;367.0;0
385;2020-05-17;Valle d'Aosta;31;0;31;37;68;-7;0;962;143;0.0;0.0;1173;12169;9469.0;334;288.0;1
386;2020-05-18;Valle d'Aosta;30;0;30;30;60;-8;1;971;143;0.0;0.0;1174;12327;9595.0;158;126.0;0
387;2020-05-19;Valle d'Aosta;26;1;27;22;49;-11;1;983;143;0.0;0.0;1175;12663;9862.0;336;267.0;0
388;2020-05-20;Valle d'Aosta;25;1;26;20;46;-3;0;986;143;0.0;0.0;1175;12920;10079.0;257;217.0;0
389;2020-05-21;Valle d'Aosta;26;1;27;16;43;-3;1;990;143;0.0;0.0;1176;13261;10380.0;341;301.0;0
390;2020-05-22;Valle d'Aosta;22;2;24;19;43;0;1;991;143;0.0;0.0;1177;13531;10607.0;270;227.0;0
391;2020-05-23;Valle d'Aosta;23;2;25;10;35;-8;0;999;143;0.0;0.0;1177;13828;10858.0;297;251.0;0
392;2020-05-24;Valle d'Aosta;23;1;24;8;32;-3;1;1003;143;0.0;0.0;1178;14079;11035.0;251;177.0;0
393;2020-05-25;Valle d'Aosta;19;1;20;13;33;1;1;1003;143;0.0;0.0;1179;14175;11123.0;96;88.0;0
394;2020-05-26;Valle d'Aosta;17;1;18;13;31;-2;2;1007;143;0.0;0.0;1181;14262;11190.0;87;67.0;0
395;2020-05-27;Valle d'Aosta;17;1;18;9;27;-4;0;1011;143;0.0;0.0;1181;14459;11322.0;197;132.0;0
396;2020-05-28;Valle d'Aosta;16;0;16;7;23;-4;1;1016;143;0.0;0.0;1182;14653;11487.0;194;165.0;0
397;2020-05-29;Valle d'Aosta;12;0;12;7;19;-4;0;1020;143;0.0;0.0;1182;14759;11572.0;106;85.0;0
398;2020-05-30;Valle d'Aosta;13;0;13;4;17;-2;1;1023;143;0.0;0.0;1183;14972;11741.0;213;169.0;0
399;2020-05-31;Valle d'Aosta;12;0;12;3;15;-2;1;1026;143;0.0;0.0;1184;15203;11926.0;231;185.0;0
400;2020-06-01;Valle d'Aosta;11;0;11;6;17;2;3;1027;143;0.0;0.0;1187;15230;11950.0;27;24.0;0
401;2020-06-02;Valle d'Aosta;10;0;10;3;13;-4;0;1031;143;0.0;0.0;1187;15327;12027.0;97;77.0;0
402;2020-06-03;Valle d'Aosta;9;0;9;4;13;0;0;1031;143;0.0;0.0;1187;15413;12084.0;86;57.0;0
403;2020-06-04;Valle d'Aosta;9;0;9;1;10;-3;0;1034;143;0.0;0.0;1187;15512;12156.0;99;72.0;0
404;2020-06-05;Valle d'Aosta;9;0;9;1;10;0;0;1034;143;0.0;0.0;1187;15587;12200.0;75;44.0;0
405;2020-06-06;Valle d'Aosta;7;0;7;5;12;2;2;1033;144;0.0;0.0;1189;15730;12289.0;143;89.0;1
406;2020-06-07;Valle d'Aosta;6;0;6;3;9;-3;2;1038;144;0.0;0.0;1191;15905;12335.0;175;46.0;0
407;2020-06-08;Valle d'Aosta;7;0;7;1;8;-1;0;1039;144;0.0;0.0;1191;15910;12385.0;5;50.0;0
408;2020-06-09;Valle d'Aosta;7;0;7;1;8;0;0;1039;144;0.0;0.0;1191;16040;12436.0;130;51.0;0
409;2020-06-10;Valle d'Aosta;3;0;3;3;6;-2;0;1041;144;0.0;0.0;1191;16141;12502.0;101;66.0;0
410;2020-06-11;Valle d'Aosta;6;0;6;0;6;0;0;1041;144;0.0;0.0;1191;16268;12606.0;127;104.0;0
411;2020-06-12;Valle d'Aosta;6;0;6;3;9;3;0;1038;144;0.0;0.0;1191;16374;12671.0;106;65.0;0
412;2020-06-13;Valle d'Aosta;7;0;7;0;7;-2;0;1040;144;0.0;0.0;1191;16476;12736.0;102;65.0;0
413;2020-06-14;Valle d'Aosta;7;0;7;0;7;0;0;1040;144;0.0;0.0;1191;16597;12806.0;121;70.0;0
414;2020-06-15;Valle d'Aosta;7;0;7;5;12;5;0;1035;144;0.0;0.0;1191;16650;12829.0;53;23.0;0
415;2020-06-16;Valle d'Aosta;6;0;6;4;10;-2;0;1037;144;0.0;0.0;1191;16764;12907.0;114;78.0;0
416;2020-06-17;Valle d'Aosta;5;0;5;3;8;-2;0;1039;144;0.0;0.0;1191;16918;12996.0;154;89.0;0
417;2020-06-18;Valle d'Aosta;5;0;5;1;6;-2;0;1040;145;0.0;0.0;1191;17057;13097.0;139;101.0;1
418;2020-06-19;Valle d'Aosta;4;0;4;0;4;-2;0;1041;146;0.0;0.0;1191;17183;13182.0;126;85.0;1
419;2020-06-20;Valle d'Aosta;4;0;4;2;6;2;2;1041;146;0.0;0.0;1193;17297;13234.0;114;52.0;0
420;2020-06-21;Valle d'Aosta;4;0;4;1;5;-1;0;1042;146;0.0;0.0;1193;17392;13294.0;95;60.0;0
421;2020-06-22;Valle d'Aosta;4;0;4;1;5;0;0;1042;146;0.0;0.0;1193;18239;13294.0;847;0.0;0
422;2020-06-23;Valle d'Aosta;3;0;3;2;5;0;0;1042;146;0.0;0.0;1193;17589;13474.0;-650;180.0;0
423;2020-06-24;Valle d'Aosta;3;0;3;3;6;1;1;1042;146;0.0;0.0;1194;17700;13497.0;111;23.0;0
424;2020-06-25;Valle d'Aosta;2;0;2;3;5;-1;0;1043;146;1084.0;110.0;1194;17848;13560.0;148;63.0;0
425;2020-06-26;Valle d'Aosta;2;0;2;2;4;-1;0;1044;146;1083.0;111.0;1194;17941;13610.0;93;50.0;0
426;2020-06-27;Valle d'Aosta;2;0;2;2;4;0;0;1044;146;1083.0;111.0;1194;17988;13635.0;47;25.0;0
427;2020-06-28;Valle d'Aosta;3;0;3;1;4;0;0;1044;146;1083.0;111.0;1194;18062;13681.0;74;46.0;0
428;2020-06-29;Valle d'Aosta;3;0;3;0;3;-1;0;1045;146;1083.0;111.0;1194;18148;13734.0;86;53.0;0
429;2020-06-30;Valle d'Aosta;4;0;4;0;4;1;1;1045;146;1083.0;112.0;1195;18263;13805.0;115;71.0;0
430;2020-07-01;Valle d'Aosta;2;0;2;1;3;-1;0;1046;146;1083.0;112.0;1195;18414;13892.0;151;87.0;0
431;2020-07-02;Valle d'Aosta;2;0;2;1;3;0;0;1046;146;1081.0;114.0;1195;18479;13911.0;65;19.0;0
432;2020-07-03;Valle d'Aosta;3;0;3;1;4;1;1;1046;146;1082.0;114.0;1196;18576;13966.0;97;55.0;0
433;2020-07-04;Valle d'Aosta;3;0;3;1;4;0;0;1046;146;1082.0;114.0;1196;18650;14000.0;74;34.0;0
434;2020-07-05;Valle d'Aosta;4;0;4;1;5;1;0;1045;146;1082.0;114.0;1196;18707;14039.0;57;39.0;0
435;2020-07-06;Valle d'Aosta;4;0;4;1;5;0;0;1045;146;1082.0;114.0;1196;18807;14101.0;100;62.0;0
436;2020-07-07;Valle d'Aosta;4;0;4;1;5;0;0;1045;146;1082.0;114.0;1196;18869;14138.0;62;37.0;0
437;2020-07-08;Valle d'Aosta;4;0;4;1;5;0;0;1045;146;1082.0;114.0;1196;19052;14235.0;183;97.0;0
438;2020-07-09;Valle d'Aosta;4;0;4;1;5;0;0;1045;146;1079.0;117.0;1196;19246;14304.0;194;69.0;0
439;2020-07-10;Valle d'Aosta;4;0;4;1;5;0;0;1045;146;1079.0;117.0;1196;19327;14342.0;81;38.0;0
440;2020-07-11;Valle d'Aosta;2;0;2;1;3;-2;0;1047;146;1079.0;117.0;1196;19409;14405.0;82;63.0;0
441;2020-07-12;Valle d'Aosta;2;0;2;1;3;0;0;1047;146;1079.0;117.0;1196;19497;14500.0;88;95.0;0
442;2020-07-13;Valle d'Aosta;2;0;2;1;3;0;0;1047;146;1079.0;117.0;1196;19599;14554.0;102;54.0;0
443;2020-07-14;Valle d'Aosta;3;0;3;1;4;1;0;1046;146;1079.0;117.0;1196;19707;14621.0;108;67.0;0
444;2020-07-15;Valle d'Aosta;1;0;1;1;2;-2;0;1048;146;1079.0;117.0;1196;19824;14702.0;117;81.0;0
445;2020-07-16;Valle d'Aosta;1;0;1;1;2;0;0;1048;146;1079.0;117.0;1196;19915;14736.0;91;34.0;0
446;2020-07-17;Valle d'Aosta;2;0;2;0;2;0;0;1048;146;1079.0;117.0;1196;20023;14770.0;108;34.0;0
447;2020-07-18;Valle d'Aosta;2;0;2;0;2;0;0;1048;146;1079.0;117.0;1196;20104;14826.0;81;56.0;0
448;2020-07-19;Valle d'Aosta;2;0;2;1;3;1;0;1047;146;1079.0;117.0;1196;20190;14892.0;86;66.0;0
449;2020-07-20;Valle d'Aosta;1;0;1;0;1;-2;0;1049;146;1079.0;117.0;1196;20270;14947.0;80;55.0;0
450;2020-07-21;Valle d'Aosta;1;0;1;0;1;0;0;1049;146;1079.0;117.0;1196;20380;15007.0;110;60.0;0
451;2020-07-22;Valle d'Aosta;1;0;1;0;1;0;0;1049;146;1079.0;117.0;1196;20539;15112.0;159;105.0;0
452;2020-07-23;Valle d'Aosta;1;0;1;0;1;0;0;1049;146;1079.0;117.0;1196;20668;15131.0;129;19.0;0
453;2020-02-24;Lazio;1;1;2;0;2;0;2;1;0;0.0;0.0;3;124;0.0;124;0.0;0
454;2020-02-25;Lazio;1;1;2;0;2;0;0;1;0;0.0;0.0;3;124;0.0;0;0.0;0
455;2020-02-26;Lazio;0;0;0;0;0;-2;0;3;0;0.0;0.0;3;124;0.0;0;0.0;0
456;2020-02-27;Lazio;0;0;0;0;0;0;0;3;0;0.0;0.0;3;552;0.0;428;0.0;0
457;2020-02-28;Lazio;0;0;0;0;0;0;0;3;0;0.0;0.0;3;611;0.0;59;0.0;0
458;2020-02-29;Lazio;3;0;3;0;3;3;3;3;0;0.0;0.0;6;679;0.0;68;0.0;0
459;2020-03-01;Lazio;3;0;3;0;3;0;0;3;0;0.0;0.0;6;724;0.0;45;0.0;0
460;2020-03-02;Lazio;3;0;3;1;4;1;1;3;0;0.0;0.0;7;773;0.0;49;0.0;0
461;2020-03-03;Lazio;10;0;10;1;11;7;7;3;0;0.0;0.0;14;877;0.0;104;0.0;0
462;2020-03-04;Lazio;15;3;18;9;27;16;16;3;0;0.0;0.0;30;995;0.0;118;0.0;0
463;2020-03-05;Lazio;20;7;27;14;41;14;14;3;0;0.0;0.0;44;1175;0.0;180;0.0;0
464;2020-03-06;Lazio;26;8;34;16;50;9;10;3;1;0.0;0.0;54;1373;0.0;198;0.0;1
465;2020-03-07;Lazio;43;8;51;21;72;22;22;3;1;0.0;0.0;76;1582;0.0;209;0.0;0
466;2020-03-08;Lazio;47;8;55;26;81;9;11;3;3;0.0;0.0;87;1929;0.0;347;0.0;2
467;2020-03-09;Lazio;55;8;63;31;94;13;15;3;5;0.0;0.0;102;1929;0.0;0;0.0;2
468;2020-03-10;Lazio;50;15;65;34;99;5;14;11;6;0.0;0.0;116;3591;0.0;1662;0.0;1
469;2020-03-11;Lazio;67;18;85;40;125;26;34;19;6;0.0;0.0;150;3591;0.0;0;0.0;0
470;2020-03-12;Lazio;85;20;105;67;172;47;50;19;9;0.0;0.0;200;5592;0.0;2001;0.0;3
471;2020-03-13;Lazio;122;24;146;96;242;70;77;24;11;0.0;0.0;277;6491;0.0;899;0.0;2
472;2020-03-14;Lazio;181;25;206;114;320;78;80;24;13;0.0;0.0;357;7335;0.0;844;0.0;2
473;2020-03-15;Lazio;223;31;254;142;396;76;79;24;16;0.0;0.0;436;8345;0.0;1010;0.0;3
474;2020-03-16;Lazio;267;31;298;174;472;76;87;32;19;0.0;0.0;523;9330;0.0;985;0.0;3
475;2020-03-17;Lazio;314;44;358;192;550;78;84;34;23;0.0;0.0;607;9436;0.0;106;0.0;4
476;2020-03-18;Lazio;374;44;418;232;650;100;117;42;32;0.0;0.0;724;11145;0.0;1709;0.0;9
477;2020-03-19;Lazio;426;45;471;270;741;91;99;44;38;0.0;0.0;823;11145;0.0;0;0.0;6
478;2020-03-20;Lazio;537;47;584;328;912;171;185;53;43;0.0;0.0;1008;13889;0.0;2744;0.0;5
479;2020-03-21;Lazio;591;70;661;425;1086;174;182;54;50;0.0;0.0;1190;13889;0.0;0;0.0;7
480;2020-03-22;Lazio;671;79;750;522;1272;186;193;58;53;0.0;0.0;1383;17845;0.0;3956;0.0;3
481;2020-03-23;Lazio;718;96;814;600;1414;142;157;63;63;0.0;0.0;1540;18371;0.0;526;0.0;10
482;2020-03-24;Lazio;747;94;841;704;1545;131;188;103;80;0.0;0.0;1728;18371;0.0;0;0.0;17
483;2020-03-25;Lazio;805;101;906;769;1675;130;173;131;95;0.0;0.0;1901;20669;0.0;2298;0.0;15
484;2020-03-26;Lazio;878;113;991;844;1835;160;195;155;106;0.0;0.0;2096;22771;0.0;2102;0.0;11
485;2020-03-27;Lazio;992;126;1118;895;2013;178;199;164;118;0.0;0.0;2295;24106;0.0;1335;0.0;12
486;2020-03-28;Lazio;985;133;1118;1063;2181;168;210;200;124;0.0;0.0;2505;27179;0.0;3073;0.0;6
487;2020-03-29;Lazio;1062;133;1195;1167;2362;181;201;208;136;0.0;0.0;2706;27744;0.0;565;0.0;12
488;2020-03-30;Lazio;1079;154;1233;1264;2497;135;208;267;150;0.0;0.0;2914;32846;0.0;5102;0.0;14
489;2020-03-31;Lazio;1127;173;1300;1342;2642;145;181;291;162;0.0;0.0;3095;34677;0.0;1831;0.0;12
490;2020-04-01;Lazio;1131;177;1308;1450;2758;116;169;337;169;0.0;0.0;3264;35810;0.0;1133;0.0;7
491;2020-04-02;Lazio;1169;181;1350;1529;2879;121;169;369;185;0.0;0.0;3433;41575;0.0;5765;0.0;16
492;2020-04-03;Lazio;1194;188;1382;1627;3009;130;167;392;199;0.0;0.0;3600;43776;0.0;2201;0.0;14
493;2020-04-04;Lazio;1236;193;1429;1677;3106;97;157;439;212;0.0;0.0;3757;44624;0.0;848;0.0;13
494;2020-04-05;Lazio;1235;197;1432;1754;3186;80;123;475;219;0.0;0.0;3880;44658;0.0;34;0.0;7
495;2020-04-06;Lazio;1235;197;1432;1868;3300;114;151;502;229;0.0;0.0;4031;47470;0.0;2812;0.0;10
496;2020-04-07;Lazio;1229;192;1421;1944;3365;65;118;546;238;0.0;0.0;4149;48874;0.0;1404;0.0;9
497;2020-04-08;Lazio;1241;196;1437;2011;3448;83;117;574;244;0.0;0.0;4266;55113;0.0;6239;0.0;6
498;2020-04-09;Lazio;1244;198;1442;2090;3532;84;163;644;253;0.0;0.0;4429;58107;0.0;2994;0.0;9
499;2020-04-10;Lazio;1236;201;1437;2196;3633;101;154;687;263;0.0;0.0;4583;61769;0.0;3662;0.0;10
500;2020-04-11;Lazio;1264;203;1467;2263;3730;97;140;720;273;0.0;0.0;4723;65241;0.0;3472;0.0;10
501;2020-04-12;Lazio;1268;201;1469;2348;3817;87;122;749;279;0.0;0.0;4845;68954;0.0;3713;0.0;6
502;2020-04-13;Lazio;1314;200;1514;2406;3920;103;123;764;284;0.0;0.0;4968;72746;0.0;3792;0.0;5
503;2020-04-14;Lazio;1344;199;1543;2479;4022;102;143;789;300;0.0;0.0;5111;74650;0.0;1904;0.0;16
504;2020-04-15;Lazio;1342;196;1538;2509;4047;25;121;874;311;0.0;0.0;5232;75584;0.0;934;0.0;11
505;2020-04-16;Lazio;1347;197;1544;2600;4144;97;148;920;316;0.0;0.0;5380;81993;0.0;6409;0.0;5
506;2020-04-17;Lazio;1332;187;1519;2695;4214;70;144;978;332;0.0;0.0;5524;84755;0.0;2762;0.0;16
507;2020-04-18;Lazio;1376;186;1562;2720;4282;68;144;1046;340;0.0;0.0;5668;89553;0.0;4798;0.0;8
508;2020-04-19;Lazio;1370;185;1555;2766;4321;39;87;1093;341;0.0;0.0;5755;91807;22702.0;2254;22702.0;1
509;2020-04-20;Lazio;1388;185;1573;2792;4365;44;60;1101;349;0.0;0.0;5815;97823;23067.0;6016;365.0;8
510;2020-04-21;Lazio;1380;184;1564;2838;4402;37;80;1130;363;0.0;0.0;5895;100031;24046.0;2208;979.0;14
511;2020-04-22;Lazio;1384;187;1571;2892;4463;61;80;1142;370;0.0;0.0;5975;104062;25244.0;4031;1198.0;7
512;2020-04-23;Lazio;1385;186;1571;2915;4486;23;79;1193;375;0.0;0.0;6054;111073;26298.0;7011;1054.0;5
513;2020-04-24;Lazio;1396;184;1580;2912;4492;6;78;1256;384;0.0;0.0;6132;114317;86545.0;3244;60247.0;9
514;2020-04-25;Lazio;1421;183;1604;2957;4561;69;92;1276;387;0.0;0.0;6224;118354;90582.0;4037;4037.0;3
515;2020-04-26;Lazio;1442;161;1603;2970;4573;12;85;1347;389;0.0;0.0;6309;121677;93811.0;3323;3229.0;2
516;2020-04-27;Lazio;1464;143;1607;2955;4562;-11;83;1433;397;0.0;0.0;6392;124769;95719.0;3092;1908.0;8
517;2020-04-28;Lazio;1468;132;1600;2962;4562;0;75;1491;414;0.0;0.0;6467;128664;98968.0;3895;3249.0;17
518;2020-04-29;Lazio;1445;130;1575;2960;4535;-27;78;1579;431;0.0;0.0;6545;133503;103435.0;4839;4467.0;17
519;2020-04-30;Lazio;1417;115;1532;2936;4468;-67;71;1707;441;0.0;0.0;6616;137596;107497.0;4093;4062.0;10
520;2020-05-01;Lazio;1372;105;1477;2969;4446;-22;56;1744;482;0.0;0.0;6672;143804;111988.0;6208;4491.0;41
521;2020-05-02;Lazio;1370;96;1466;2986;4452;6;84;1807;497;0.0;0.0;6756;147078;114761.0;3274;2773.0;15
522;2020-05-03;Lazio;1346;95;1441;2944;4385;-67;53;1916;508;0.0;0.0;6809;150912;117796.0;3834;3035.0;11
523;2020-05-04;Lazio;1335;95;1430;2955;4385;0;38;1938;524;0.0;0.0;6847;153293;120095.0;2381;2299.0;16
524;2020-05-05;Lazio;1315;91;1406;2964;4370;-15;67;2010;534;0.0;0.0;6914;157307;122541.0;4014;2446.0;10
525;2020-05-06;Lazio;1351;91;1442;2991;4433;63;81;2024;538;0.0;0.0;6995;160894;125897.0;3587;3356.0;4
526;2020-05-07;Lazio;1291;89;1380;2968;4348;-85;39;2143;543;0.0;0.0;7034;165340;130351.0;4446;4454.0;5
527;2020-05-08;Lazio;1278;84;1362;2966;4328;-20;52;2209;549;0.0;0.0;7086;169499;133674.0;4159;3323.0;6
528;2020-05-09;Lazio;1277;82;1359;2986;4345;17;47;2235;553;0.0;0.0;7133;174448;137428.0;4949;3754.0;4
529;2020-05-10;Lazio;1265;84;1349;2937;4286;-59;32;2322;557;0.0;0.0;7165;178569;141233.0;4121;3805.0;4
530;2020-05-11;Lazio;1266;83;1349;2945;4294;8;25;2334;562;0.0;0.0;7190;181398;143970.0;2829;2737.0;5
531;2020-05-12;Lazio;1258;84;1342;2931;4273;-21;22;2373;566;0.0;0.0;7212;185085;147010.0;3687;3040.0;4
532;2020-05-13;Lazio;1224;83;1307;2928;4235;-38;38;2438;577;0.0;0.0;7250;188632;150097.0;3547;3087.0;11
533;2020-05-14;Lazio;1178;79;1257;2839;4096;-139;41;2600;595;0.0;0.0;7291;192917;153894.0;4285;3797.0;18
534;2020-05-15;Lazio;1173;79;1252;2836;4088;-8;73;2672;604;0.0;0.0;7364;197599;157880.0;4682;3986.0;9
535;2020-05-16;Lazio;1156;76;1232;2790;4022;-66;32;2758;616;0.0;0.0;7396;201938;161405.0;4339;3525.0;12
536;2020-05-17;Lazio;1150;74;1224;2686;3910;-112;50;2914;622;0.0;0.0;7446;206166;164779.0;4228;3374.0;6
537;2020-05-18;Lazio;1137;73;1210;2616;3826;-84;39;3031;628;0.0;0.0;7485;209472;167859.0;3306;3080.0;6
538;2020-05-19;Lazio;1124;74;1198;2588;3786;-40;20;3079;640;0.0;0.0;7505;213877;171353.0;4405;3494.0;12
539;2020-05-20;Lazio;1119;74;1193;2593;3786;0;28;3100;647;0.0;0.0;7533;217849;173903.0;3972;2550.0;7
540;2020-05-21;Lazio;1110;68;1178;2459;3637;-149;25;3259;662;0.0;0.0;7558;222071;177749.0;4222;3846.0;15
541;2020-05-22;Lazio;1111;67;1178;2457;3635;-2;31;3285;669;0.0;0.0;7589;227090;182266.0;5019;4517.0;7
542;2020-05-23;Lazio;1097;60;1157;2424;3581;-54;18;3350;676;0.0;0.0;7607;230743;185285.0;3653;3019.0;7
543;2020-05-24;Lazio;1088;61;1149;2420;3569;-12;20;3374;684;0.0;0.0;7627;233498;187994.0;2755;2709.0;8
544;2020-05-25;Lazio;1085;60;1145;2409;3554;-15;16;3401;688;0.0;0.0;7643;235840;190052.0;2342;2058.0;4
545;2020-05-26;Lazio;1083;59;1142;2396;3538;-16;18;3430;693;0.0;0.0;7661;238967;192591.0;3127;2539.0;5
546;2020-05-27;Lazio;1062;65;1127;2361;3488;-50;11;3483;701;0.0;0.0;7672;242287;195001.0;3320;2410.0;8
547;2020-05-28;Lazio;1035;64;1099;2306;3405;-83;21;3580;708;0.0;0.0;7693;245993;198207.0;3706;3206.0;7
548;2020-05-29;Lazio;817;59;876;2287;3163;-242;16;3825;721;0.0;0.0;7709;249267;201082.0;3274;2875.0;13
549;2020-05-30;Lazio;769;58;827;2228;3055;-108;6;3932;728;0.0;0.0;7715;253388;204232.0;4121;3150.0;7
550;2020-05-31;Lazio;730;57;787;2196;2983;-72;13;4010;735;0.0;0.0;7728;255474;206235.0;2086;2003.0;7
551;2020-06-01;Lazio;594;56;650;2244;2894;-89;10;4105;739;0.0;0.0;7738;257563;208081.0;2089;1846.0;4
552;2020-06-02;Lazio;580;56;636;2211;2847;-47;5;4155;741;0.0;0.0;7743;260102;209892.0;2539;1811.0;2
553;2020-06-03;Lazio;519;51;570;2248;2818;-29;10;4188;747;0.0;0.0;7753;262461;211669.0;2359;1777.0;6
554;2020-06-04;Lazio;488;51;539;2215;2754;-64;11;4260;750;0.0;0.0;7764;265380;214051.0;2919;2382.0;3
555;2020-06-05;Lazio;480;51;531;2179;2710;-44;9;4309;754;0.0;0.0;7773;268561;216743.0;3181;2692.0;4
556;2020-06-06;Lazio;477;49;526;2171;2697;-13;28;4346;758;0.0;0.0;7801;271662;219363.0;3101;2620.0;4
557;2020-06-07;Lazio;467;49;516;2174;2690;-7;11;4362;760;0.0;0.0;7812;274129;221612.0;2467;2249.0;2
558;2020-06-08;Lazio;466;49;515;2100;2615;-75;16;4450;763;0.0;0.0;7828;275885;222963.0;1756;1351.0;3
559;2020-06-09;Lazio;462;47;509;2061;2570;-45;23;4515;766;0.0;0.0;7851;279572;225930.0;3687;2967.0;3
560;2020-06-10;Lazio;368;47;415;2151;2566;-4;18;4533;770;0.0;0.0;7869;283630;229513.0;4058;3583.0;4
561;2020-06-11;Lazio;320;46;366;2151;2517;-49;20;4596;776;0.0;0.0;7889;287888;233158.0;4258;3645.0;6
562;2020-06-12;Lazio;293;47;340;1882;2222;-295;27;4913;781;0.0;0.0;7916;291869;237100.0;3981;3942.0;5
563;2020-06-13;Lazio;303;45;348;1009;1357;-865;25;5778;806;0.0;0.0;7941;294654;239788.0;2785;2688.0;25
564;2020-06-14;Lazio;305;37;342;980;1322;-35;14;5825;808;0.0;0.0;7955;297615;242245.0;2961;2457.0;2
565;2020-06-15;Lazio;304;37;341;951;1292;-30;3;5855;811;0.0;0.0;7958;299590;243805.0;1975;1560.0;3
566;2020-06-16;Lazio;308;38;346;783;1129;-163;9;6024;814;0.0;0.0;7967;302305;245960.0;2715;2155.0;3
567;2020-06-17;Lazio;284;38;322;717;1039;-90;10;6120;818;0.0;0.0;7977;305906;248746.0;3601;2786.0;4
568;2020-06-18;Lazio;261;38;299;698;997;-42;9;6167;822;0.0;0.0;7986;309169;251673.0;3263;2927.0;4
569;2020-06-19;Lazio;247;38;285;703;988;-9;9;6181;826;0.0;0.0;7995;312708;254525.0;3539;2852.0;4
570;2020-06-20;Lazio;247;39;286;701;987;-1;14;6195;827;0.0;0.0;8009;316109;257265.0;3401;2740.0;1
571;2020-06-21;Lazio;247;39;286;705;991;4;8;6199;827;0.0;0.0;8017;318264;259128.0;2155;1863.0;0
572;2020-06-22;Lazio;201;23;224;721;945;-46;8;6250;830;0.0;0.0;8025;319581;260369.0;1317;1241.0;3
573;2020-06-23;Lazio;184;16;200;686;886;-59;8;6315;832;0.0;0.0;8033;322341;263506.0;2760;3137.0;2
574;2020-06-24;Lazio;181;13;194;675;869;-17;6;6337;833;0.0;0.0;8039;324492;265507.0;2151;2001.0;1
575;2020-06-25;Lazio;181;12;193;669;862;-7;12;6354;835;5969.0;2082.0;8051;326651;267089.0;2159;1582.0;2
576;2020-06-26;Lazio;185;13;198;618;816;-46;13;6412;836;5971.0;2093.0;8064;329074;269189.0;2423;2100.0;1
577;2020-06-27;Lazio;185;13;198;629;827;11;18;6418;837;5977.0;2105.0;8082;331599;271209.0;2525;2020.0;1
578;2020-06-28;Lazio;187;13;200;641;841;14;14;6418;837;5983.0;2113.0;8096;333852;272915.0;2253;1706.0;0
579;2020-06-29;Lazio;190;13;203;637;840;-1;9;6428;837;5987.0;2118.0;8105;335751;274704.0;1899;1789.0;0
580;2020-06-30;Lazio;189;13;202;634;836;-4;5;6437;837;5990.0;2120.0;8110;338035;276640.0;2284;1936.0;0
581;2020-07-01;Lazio;190;12;202;630;832;-4;9;6448;839;5996.0;2123.0;8119;341083;279387.0;3048;2747.0;2
582;2020-07-02;Lazio;188;11;199;632;831;-1;11;6460;839;6000.0;2130.0;8130;343882;281743.0;2799;2356.0;0
583;2020-07-03;Lazio;188;11;199;627;826;-5;11;6475;840;6008.0;2133.0;8141;346239;283710.0;2357;1967.0;1
584;2020-07-04;Lazio;197;11;208;646;854;28;31;6477;841;6019.0;2153.0;8172;348633;285697.0;2394;1987.0;1
585;2020-07-05;Lazio;199;11;210;651;861;7;14;6484;841;6025.0;2161.0;8186;350978;287673.0;2345;1976.0;0
586;2020-07-06;Lazio;200;12;212;658;870;9;19;6493;842;6035.0;2170.0;8205;353276;289493.0;2298;1820.0;1
587;2020-07-07;Lazio;202;13;215;658;873;3;5;6495;842;6035.0;2175.0;8210;355305;291236.0;2029;1743.0;0
588;2020-07-08;Lazio;198;13;211;663;874;1;14;6508;842;6043.0;2181.0;8224;357307;293031.0;2002;1795.0;0
589;2020-07-09;Lazio;198;13;211;678;889;15;28;6520;843;6053.0;2199.0;8252;359842;295193.0;2535;2162.0;1
590;2020-07-10;Lazio;197;13;210;691;901;12;23;6530;844;6063.0;2212.0;8275;362312;297217.0;2470;2024.0;1
591;2020-07-11;Lazio;198;13;211;704;915;14;19;6535;844;6065.0;2229.0;8294;364876;299223.0;2564;2006.0;0
592;2020-07-12;Lazio;197;12;209;704;913;-2;20;6557;844;6069.0;2245.0;8314;367461;301453.0;2585;2230.0;0
593;2020-07-13;Lazio;191;11;202;690;892;-21;24;6601;845;6076.0;2262.0;8338;370462;304024.0;3001;2571.0;1
594;2020-07-14;Lazio;188;10;198;696;894;2;18;6616;846;6086.0;2270.0;8356;373026;306387.0;2564;2363.0;1
595;2020-07-15;Lazio;190;10;200;698;898;4;20;6631;847;6096.0;2280.0;8376;375364;308504.0;2338;2117.0;1
596;2020-07-16;Lazio;175;9;184;666;850;-48;9;6687;848;6100.0;2285.0;8385;377936;310829.0;2572;2325.0;1
597;2020-07-17;Lazio;175;9;184;668;852;2;14;6698;849;6105.0;2294.0;8399;381039;313544.0;3103;2715.0;1
598;2020-07-18;Lazio;174;9;183;683;866;14;20;6703;850;6115.0;2304.0;8419;384054;316173.0;3015;2629.0;1
599;2020-07-19;Lazio;180;9;189;683;872;6;17;6713;851;6121.0;2315.0;8436;387113;318945.0;3059;2772.0;1
600;2020-07-20;Lazio;175;9;184;701;885;13;14;6714;851;6128.0;2322.0;8450;389441;321110.0;2328;2165.0;0
601;2020-07-21;Lazio;175;9;184;697;881;-4;6;6722;853;6128.0;2328.0;8456;391123;322181.0;1682;1071.0;2
602;2020-07-22;Lazio;174;9;183;706;889;8;16;6728;855;6131.0;2341.0;8472;394124;324963.0;3001;2782.0;2
603;2020-07-23;Lazio;180;9;189;718;907;18;26;6735;856;6148.0;2350.0;8498;397055;327552.0;2931;2589.0;1
604;2020-02-24;Calabria;0;0;0;0;0;0;0;0;0;0.0;0.0;0;1;0.0;1;0.0;0
605;2020-02-25;Calabria;0;0;0;0;0;0;0;0;0;0.0;0.0;0;2;0.0;1;0.0;0
606;2020-02-26;Calabria;0;0;0;0;0;0;0;0;0;0.0;0.0;0;3;0.0;1;0.0;0
607;2020-02-27;Calabria;0;0;0;0;0;0;0;0;0;0.0;0.0;0;14;0.0;11;0.0;0
608;2020-02-28;Calabria;0;0;0;1;1;1;1;0;0;0.0;0.0;1;21;0.0;7;0.0;0
609;2020-02-29;Calabria;0;0;0;1;1;0;0;0;0;0.0;0.0;1;27;0.0;6;0.0;0
610;2020-03-01;Calabria;0;0;0;1;1;0;0;0;0;0.0;0.0;1;35;0.0;8;0.0;0
611;2020-03-02;Calabria;0;0;0;1;1;0;0;0;0;0.0;0.0;1;39;0.0;4;0.0;0
612;2020-03-03;Calabria;0;0;0;1;1;0;0;0;0;0.0;0.0;1;39;0.0;0;0.0;0
613;2020-03-04;Calabria;0;0;0;1;1;0;0;0;0;0.0;0.0;1;46;0.0;7;0.0;0
614;2020-03-05;Calabria;1;0;1;1;2;1;1;0;0;0.0;0.0;2;53;0.0;7;0.0;0
615;2020-03-06;Calabria;2;0;2;2;4;2;2;0;0;0.0;0.0;4;99;0.0;46;0.0;0
616;2020-03-07;Calabria;2;0;2;2;4;0;0;0;0;0.0;0.0;4;113;0.0;14;0.0;0
617;2020-03-08;Calabria;5;0;5;4;9;5;5;0;0;0.0;0.0;9;113;0.0;0;0.0;0
618;2020-03-09;Calabria;8;0;8;1;9;0;2;2;0;0.0;0.0;11;173;0.0;60;0.0;0
619;2020-03-10;Calabria;8;2;10;1;11;2;2;2;0;0.0;0.0;13;360;0.0;187;0.0;0
620;2020-03-11;Calabria;10;2;12;5;17;6;6;2;0;0.0;0.0;19;405;0.0;45;0.0;0
621;2020-03-12;Calabria;14;2;16;16;32;15;14;1;0;0.0;0.0;33;483;0.0;78;0.0;0
622;2020-03-13;Calabria;18;3;21;16;37;5;5;1;0;0.0;0.0;38;504;0.0;21;0.0;0
623;2020-03-14;Calabria;22;4;26;33;59;22;22;1;0;0.0;0.0;60;711;0.0;207;0.0;0
624;2020-03-15;Calabria;32;6;38;28;66;7;8;1;1;0.0;0.0;68;884;0.0;173;0.0;1
625;2020-03-16;Calabria;36;7;43;44;87;21;21;1;1;0.0;0.0;89;1030;0.0;146;0.0;0
626;2020-03-17;Calabria;45;10;55;57;112;25;25;1;1;0.0;0.0;114;1293;0.0;263;0.0;0
627;2020-03-18;Calabria;45;11;56;70;126;14;15;2;1;0.0;0.0;129;1668;0.0;375;0.0;0
628;2020-03-19;Calabria;60;13;73;91;164;38;40;2;3;0.0;0.0;169;2342;0.0;674;0.0;2
629;2020-03-20;Calabria;71;16;87;114;201;37;38;2;4;0.0;0.0;207;2690;0.0;348;0.0;1
630;2020-03-21;Calabria;73;16;89;136;225;24;28;5;5;0.0;0.0;235;3050;0.0;360;0.0;1
631;2020-03-22;Calabria;77;17;94;166;260;35;38;5;8;0.0;0.0;273;3666;0.0;616;0.0;3
632;2020-03-23;Calabria;82;20;102;178;280;20;19;5;7;0.0;0.0;292;4073;0.0;407;0.0;-1
633;2020-03-24;Calabria;88;21;109;195;304;24;27;5;10;0.0;0.0;319;4486;0.0;413;0.0;3
634;2020-03-25;Calabria;93;23;116;217;333;29;32;7;11;0.0;0.0;351;5058;0.0;572;0.0;1
635;2020-03-26;Calabria;101;23;124;248;372;39;42;7;14;0.0;0.0;393;5933;0.0;875;0.0;3
636;2020-03-27;Calabria;103;22;125;344;469;97;101;7;18;0.0;0.0;494;6901;0.0;968;0.0;4
637;2020-03-28;Calabria;107;22;129;394;523;54;61;11;21;0.0;0.0;555;7760;0.0;859;0.0;3
638;2020-03-29;Calabria;124;19;143;434;577;54;59;12;25;0.0;0.0;614;8485;0.0;725;0.0;4
639;2020-03-30;Calabria;130;18;148;454;602;25;33;14;31;0.0;0.0;647;9013;0.0;528;0.0;6
640;2020-03-31;Calabria;132;17;149;457;606;4;12;17;36;0.0;0.0;659;9327;0.0;314;0.0;5
641;2020-04-01;Calabria;144;16;160;450;610;4;10;21;38;0.0;0.0;669;9983;0.0;656;0.0;2
642;2020-04-02;Calabria;163;19;182;445;627;17;22;23;41;0.0;0.0;691;10679;0.0;696;0.0;3
643;2020-04-03;Calabria;183;17;200;462;662;35;42;26;45;0.0;0.0;733;11608;0.0;929;0.0;4
644;2020-04-04;Calabria;178;15;193;469;662;0;8;30;49;0.0;0.0;741;12314;0.0;706;0.0;4
645;2020-04-05;Calabria;174;13;187;519;706;44;54;33;56;0.0;0.0;795;13077;0.0;763;0.0;7
646;2020-04-06;Calabria;170;14;184;538;722;16;22;37;58;0.0;0.0;817;13633;0.0;556;0.0;2
647;2020-04-07;Calabria;169;14;183;550;733;11;16;40;60;0.0;0.0;833;14072;0.0;439;0.0;2
648;2020-04-08;Calabria;170;15;185;570;755;22;26;44;60;0.0;0.0;859;14977;0.0;905;0.0;0
649;2020-04-09;Calabria;168;15;183;582;765;10;15;48;61;0.0;0.0;874;15698;0.0;721;0.0;1
650;2020-04-10;Calabria;168;14;182;604;786;21;27;50;65;0.0;0.0;901;16637;0.0;939;0.0;4
651;2020-04-11;Calabria;169;15;184;608;792;6;14;57;66;0.0;0.0;915;17493;0.0;856;0.0;1
652;2020-04-12;Calabria;165;14;179;616;795;3;8;62;66;0.0;0.0;923;18211;0.0;718;0.0;0
653;2020-04-13;Calabria;160;12;172;619;791;-4;5;70;67;0.0;0.0;928;18596;0.0;385;0.0;1
654;2020-04-14;Calabria;161;12;173;643;816;25;28;72;68;0.0;0.0;956;19014;0.0;418;0.0;1
655;2020-04-15;Calabria;156;11;167;652;819;3;15;81;71;0.0;0.0;971;19662;0.0;648;0.0;3
656;2020-04-16;Calabria;157;9;166;681;847;28;38;90;72;0.0;0.0;1009;20642;0.0;980;0.0;1
657;2020-04-17;Calabria;154;7;161;658;819;-28;-18;99;73;0.0;0.0;991;21657;0.0;1015;0.0;1
658;2020-04-18;Calabria;152;7;159;673;832;13;20;106;73;0.0;0.0;1011;22794;0.0;1137;0.0;0
659;2020-04-19;Calabria;142;6;148;696;844;12;24;116;75;0.0;0.0;1035;23760;22234.0;966;22234.0;2
660;2020-04-20;Calabria;140;7;147;681;828;-16;3;135;75;0.0;0.0;1038;24373;22847.0;613;613.0;0
661;2020-04-21;Calabria;133;7;140;679;819;-9;9;152;76;0.0;0.0;1047;25440;23914.0;1067;1067.0;1
662;2020-04-22;Calabria;128;7;135;686;821;2;13;163;76;0.0;0.0;1060;26560;24878.0;1120;964.0;0
663;2020-04-23;Calabria;129;7;136;687;823;2;9;170;76;0.0;0.0;1069;27869;26187.0;1309;1309.0;0
664;2020-04-24;Calabria;123;7;130;691;821;-2;10;178;80;0.0;0.0;1079;28764;26811.0;895;624.0;4
665;2020-04-25;Calabria;125;7;132;679;811;-10;9;197;80;0.0;0.0;1088;29959;28006.0;1195;1195.0;0
666;2020-04-26;Calabria;118;8;126;671;797;-14;1;212;80;0.0;0.0;1089;30853;28900.0;894;894.0;0
667;2020-04-27;Calabria;114;6;120;662;782;-15;7;231;83;0.0;0.0;1096;31787;29834.0;934;934.0;3
668;2020-04-28;Calabria;113;6;119;645;764;-18;1;248;85;0.0;0.0;1097;33755;31802.0;1968;1968.0;2
669;2020-04-29;Calabria;107;6;113;640;753;-11;5;263;86;0.0;0.0;1102;34914;32961.0;1159;1159.0;1
670;2020-04-30;Calabria;105;6;111;629;740;-13;6;282;86;0.0;0.0;1108;35903;33950.0;989;989.0;0
671;2020-05-01;Calabria;105;3;108;619;727;-13;4;299;86;0.0;0.0;1112;37054;35101.0;1151;1151.0;0
672;2020-05-02;Calabria;100;4;104;609;713;-14;0;311;88;0.0;0.0;1112;37928;35975.0;874;874.0;2
673;2020-05-03;Calabria;95;4;99;603;702;-11;2;324;88;0.0;0.0;1114;38835;36874.0;907;899.0;0
674;2020-05-04;Calabria;93;4;97;577;674;-28;4;356;88;0.0;0.0;1118;39438;37390.0;603;516.0;0
675;2020-05-05;Calabria;92;4;96;554;650;-24;1;381;88;0.0;0.0;1119;40509;38461.0;1071;1071.0;0
676;2020-05-06;Calabria;87;3;90;554;644;-6;3;389;89;0.0;0.0;1122;41828;39780.0;1319;1319.0;1
677;2020-05-07;Calabria;81;2;83;550;633;-11;3;403;89;0.0;0.0;1125;42854;40806.0;1026;1026.0;0
678;2020-05-08;Calabria;73;2;75;544;619;-14;1;417;90;0.0;0.0;1126;43980;41902.0;1126;1096.0;1
679;2020-05-09;Calabria;68;2;70;542;612;-7;3;427;90;0.0;0.0;1129;45071;42993.0;1091;1091.0;0
680;2020-05-10;Calabria;66;2;68;528;596;-16;3;445;91;0.0;0.0;1132;46111;44284.0;1040;1291.0;1
681;2020-05-11;Calabria;64;1;65;503;568;-28;2;473;93;0.0;0.0;1134;47265;45438.0;1154;1154.0;2
682;2020-05-12;Calabria;65;1;66;502;568;0;4;477;93;0.0;0.0;1138;48420;46593.0;1155;1155.0;0
683;2020-05-13;Calabria;64;1;65;486;551;-17;2;496;93;0.0;0.0;1140;49787;47960.0;1367;1367.0;0
684;2020-05-14;Calabria;59;2;61;463;524;-27;3;524;95;0.0;0.0;1143;51050;49196.0;1263;1236.0;2
685;2020-05-15;Calabria;56;2;58;447;505;-19;1;544;95;0.0;0.0;1144;52701;50847.0;1651;1651.0;0
686;2020-05-16;Calabria;56;2;58;416;474;-31;7;582;95;0.0;0.0;1151;54091;52257.0;1390;1410.0;0
687;2020-05-17;Calabria;56;2;58;364;422;-52;0;634;95;0.0;0.0;1151;55304;53470.0;1213;1213.0;0
688;2020-05-18;Calabria;53;2;55;346;401;-21;0;655;95;0.0;0.0;1151;56167;54333.0;863;863.0;0
689;2020-05-19;Calabria;50;2;52;330;382;-19;2;676;95;0.0;0.0;1153;57310;55270.0;1143;937.0;0
690;2020-05-20;Calabria;49;1;50;303;353;-29;3;707;96;0.0;0.0;1156;58468;56209.0;1158;939.0;1
691;2020-05-21;Calabria;47;1;48;278;326;-27;0;734;96;0.0;0.0;1156;59724;57465.0;1256;1256.0;0
692;2020-05-22;Calabria;47;1;48;254;302;-24;1;759;96;0.0;0.0;1157;60847;58588.0;1123;1123.0;0
693;2020-05-23;Calabria;43;1;44;244;288;-14;0;773;96;0.0;0.0;1157;61892;59633.0;1045;1045.0;0
694;2020-05-24;Calabria;43;1;44;231;275;-13;0;786;96;0.0;0.0;1157;62952;60693.0;1060;1060.0;0
695;2020-05-25;Calabria;42;1;43;221;264;-11;0;797;96;0.0;0.0;1157;63508;61249.0;556;556.0;0
696;2020-05-26;Calabria;41;1;42;196;238;-26;0;823;96;0.0;0.0;1157;64514;62255.0;1006;1006.0;0
697;2020-05-27;Calabria;35;1;36;154;190;-48;1;872;96;0.0;0.0;1158;65631;63372.0;1117;1117.0;0
698;2020-05-28;Calabria;31;1;32;138;170;-20;0;892;96;0.0;0.0;1158;66956;64697.0;1325;1325.0;0
699;2020-05-29;Calabria;25;1;26;133;159;-11;0;902;97;0.0;0.0;1158;68131;65872.0;1175;1175.0;1
700;2020-05-30;Calabria;23;1;24;127;151;-8;0;910;97;0.0;0.0;1158;69334;67075.0;1203;1203.0;0
701;2020-05-31;Calabria;22;1;23;121;144;-7;0;917;97;0.0;0.0;1158;70274;68015.0;940;940.0;0
702;2020-06-01;Calabria;20;1;21;114;135;-9;0;926;97;0.0;0.0;1158;70892;68633.0;618;618.0;0
703;2020-06-02;Calabria;20;1;21;91;112;-23;0;949;97;0.0;0.0;1158;71617;69419.0;725;786.0;0
704;2020-06-03;Calabria;20;0;20;90;110;-2;0;951;97;0.0;0.0;1158;72237;69978.0;620;559.0;0
705;2020-06-04;Calabria;19;0;19;83;102;-8;0;959;97;0.0;0.0;1158;73072;70813.0;835;835.0;0
706;2020-06-05;Calabria;18;0;18;79;97;-5;1;965;97;0.0;0.0;1159;74186;72124.0;1114;1311.0;0
707;2020-06-06;Calabria;18;0;18;73;91;-6;0;971;97;0.0;0.0;1159;75290;73228.0;1104;1104.0;0
708;2020-06-07;Calabria;18;0;18;73;91;0;0;971;97;0.0;0.0;1159;76142;74080.0;852;852.0;0
709;2020-06-08;Calabria;18;0;18;59;77;-14;0;985;97;0.0;0.0;1159;76501;74439.0;359;359.0;0
710;2020-06-09;Calabria;18;0;18;50;68;-9;0;994;97;0.0;0.0;1159;77216;75154.0;715;715.0;0
711;2020-06-10;Calabria;18;0;18;36;54;-14;0;1008;97;0.0;0.0;1159;78174;76112.0;958;958.0;0
712;2020-06-11;Calabria;16;1;17;35;52;-2;2;1012;97;0.0;0.0;1161;79025;76963.0;851;851.0;0
713;2020-06-12;Calabria;16;1;17;30;47;-5;0;1017;97;0.0;0.0;1161;80063;78001.0;1038;1038.0;0
714;2020-06-13;Calabria;15;1;16;29;45;-2;1;1020;97;0.0;0.0;1162;81255;79193.0;1192;1192.0;0
715;2020-06-14;Calabria;15;1;16;28;44;-1;0;1021;97;0.0;0.0;1162;81981;79919.0;726;726.0;0
716;2020-06-15;Calabria;17;1;18;19;37;-7;0;1028;97;0.0;0.0;1162;82392;80330.0;411;411.0;0
717;2020-06-16;Calabria;18;0;18;18;36;-1;0;1029;97;0.0;0.0;1162;83281;81219.0;889;889.0;0
718;2020-06-17;Calabria;18;0;18;15;33;-3;0;1032;97;0.0;0.0;1162;84265;82203.0;984;984.0;0
719;2020-06-18;Calabria;18;0;18;17;35;2;3;1033;97;0.0;0.0;1165;85222;83171.0;957;968.0;0
720;2020-06-19;Calabria;18;0;18;16;34;-1;0;1034;97;0.0;0.0;1165;86273;84222.0;1051;1051.0;0
721;2020-06-20;Calabria;18;0;18;12;30;-4;3;1040;97;0.0;0.0;1167;87292;85241.0;1019;1019.0;0
722;2020-06-21;Calabria;17;0;17;19;36;6;6;1040;97;0.0;0.0;1173;87935;85884.0;643;643.0;0
723;2020-06-22;Calabria;15;0;15;18;33;-3;1;1044;97;0.0;0.0;1174;88372;86321.0;437;437.0;0
724;2020-06-23;Calabria;9;0;9;19;28;-5;1;1050;97;0.0;0.0;1175;89226;87180.0;854;859.0;0
725;2020-06-24;Calabria;9;0;9;19;28;0;0;1050;97;0.0;0.0;1175;90262;88228.0;1036;1048.0;0
726;2020-06-25;Calabria;10;0;10;18;28;0;0;1050;97;1175.0;0.0;1175;91283;89249.0;1021;1021.0;0
727;2020-06-26;Calabria;9;0;9;21;30;2;3;1051;97;1175.0;3.0;1178;92448;90414.0;1165;1165.0;0
728;2020-06-27;Calabria;9;0;9;22;31;1;1;1051;97;1175.0;4.0;1179;93372;91388.0;924;974.0;0
729;2020-06-28;Calabria;4;0;4;22;26;-5;1;1057;97;1175.0;5.0;1180;93852;91818.0;480;430.0;0
730;2020-06-29;Calabria;4;0;4;22;26;0;0;1057;97;1158.0;22.0;1180;94170;92136.0;318;318.0;0
731;2020-06-30;Calabria;4;0;4;23;27;1;1;1057;97;1159.0;22.0;1181;95094;93060.0;924;924.0;0
732;2020-07-01;Calabria;4;0;4;22;26;-1;0;1058;97;1159.0;22.0;1181;95926;93892.0;832;832.0;0
733;2020-07-02;Calabria;4;0;4;21;25;-1;0;1059;97;1159.0;22.0;1181;96914;94880.0;988;988.0;0
734;2020-07-03;Calabria;4;0;4;21;25;0;1;1060;97;1159.0;23.0;1182;97852;95818.0;938;938.0;0
735;2020-07-04;Calabria;3;0;3;23;26;1;1;1060;97;1159.0;24.0;1183;98936;96902.0;1084;1084.0;0
736;2020-07-05;Calabria;3;0;3;23;26;0;0;1060;97;1159.0;24.0;1183;99467;97433.0;531;531.0;0
737;2020-07-06;Calabria;4;0;4;22;26;0;0;1060;97;1159.0;24.0;1183;99705;97671.0;238;238.0;0
738;2020-07-07;Calabria;4;0;4;23;27;1;1;1060;97;1159.0;25.0;1184;100737;98703.0;1032;1032.0;0
739;2020-07-08;Calabria;4;0;4;24;28;1;1;1060;97;1159.0;26.0;1185;101642;99608.0;905;905.0;0
740;2020-07-09;Calabria;4;0;4;24;28;0;0;1060;97;1159.0;26.0;1185;102585;100551.0;943;943.0;0
741;2020-07-10;Calabria;4;0;4;23;27;-1;1;1062;97;1159.0;27.0;1186;103582;101548.0;997;997.0;0
742;2020-07-11;Calabria;4;0;4;25;29;2;2;1062;97;1159.0;29.0;1188;104475;102441.0;893;893.0;0
743;2020-07-12;Calabria;4;0;4;53;57;28;28;1062;97;1159.0;57.0;1216;105034;103000.0;559;559.0;0
744;2020-07-13;Calabria;4;0;4;53;57;0;0;1062;97;1159.0;57.0;1216;105315;103281.0;281;281.0;0
745;2020-07-14;Calabria;5;0;5;52;57;0;0;1062;97;1159.0;57.0;1216;106176;104142.0;861;861.0;0
746;2020-07-15;Calabria;5;0;5;54;59;2;2;1062;97;1159.0;59.0;1218;106955;104921.0;779;779.0;0
747;2020-07-16;Calabria;5;0;5;60;65;6;8;1064;97;1159.0;67.0;1226;107852;105818.0;897;897.0;0
748;2020-07-17;Calabria;6;0;6;63;69;4;5;1065;97;1159.0;72.0;1231;108711;106677.0;859;859.0;0
749;2020-07-18;Calabria;5;0;5;70;75;6;7;1066;97;1159.0;79.0;1238;109655;107621.0;944;944.0;0
750;2020-07-19;Calabria;4;0;4;68;72;-3;1;1070;97;1159.0;80.0;1239;110485;108451.0;830;830.0;0
751;2020-07-20;Calabria;3;0;3;68;71;-1;0;1071;97;1159.0;80.0;1239;110657;108623.0;172;172.0;0
752;2020-07-21;Calabria;3;0;3;68;71;0;0;1071;97;1159.0;80.0;1239;111600;109566.0;943;943.0;0
753;2020-07-22;Calabria;3;0;3;72;75;4;4;1071;97;1159.0;84.0;1243;112649;110615.0;1049;1049.0;0
754;2020-07-23;Calabria;3;0;3;74;77;2;2;1071;97;1159.0;86.0;1245;113791;111757.0;1142;1142.0;0
755;2020-02-24;Sardegna;0;0;0;0;0;0;0;0;0;0.0;0.0;0;1;0.0;1;0.0;0
756;2020-02-25;Sardegna;0;0;0;0;0;0;0;0;0;0.0;0.0;0;1;0.0;0;0.0;0
757;2020-02-26;Sardegna;0;0;0;0;0;0;0;0;0;0.0;0.0;0;1;0.0;0;0.0;0
758;2020-02-27;Sardegna;0;0;0;0;0;0;0;0;0;0.0;0.0;0;1;0.0;0;0.0;0
759;2020-02-28;Sardegna;0;0;0;0;0;0;0;0;0;0.0;0.0;0;1;0.0;0;0.0;0
760;2020-02-29;Sardegna;0;0;0;0;0;0;0;0;0;0.0;0.0;0;1;0.0;0;0.0;0
761;2020-03-01;Sardegna;0;0;0;0;0;0;0;0;0;0.0;0.0;0;29;0.0;28;0.0;0
762;2020-03-02;Sardegna;0;0;0;0;0;0;0;0;0;0.0;0.0;0;29;0.0;0;0.0;0
763;2020-03-03;Sardegna;1;0;1;0;1;1;1;0;0;0.0;0.0;1;29;0.0;0;0.0;0
764;2020-03-04;Sardegna;1;0;1;1;2;1;1;0;0;0.0;0.0;2;42;0.0;13;0.0;0
765;2020-03-05;Sardegna;2;0;2;0;2;0;0;0;0;0.0;0.0;2;50;0.0;8;0.0;0
766;2020-03-06;Sardegna;2;0;2;3;5;3;3;0;0;0.0;0.0;5;99;0.0;49;0.0;0
767;2020-03-07;Sardegna;2;0;2;3;5;0;0;0;0;0.0;0.0;5;99;0.0;0;0.0;0
768;2020-03-08;Sardegna;5;0;5;6;11;6;6;0;0;0.0;0.0;11;149;0.0;50;0.0;0
769;2020-03-09;Sardegna;8;0;8;11;19;8;8;0;0;0.0;0.0;19;185;0.0;36;0.0;0
770;2020-03-10;Sardegna;9;0;9;11;20;1;1;0;0;0.0;0.0;20;204;0.0;19;0.0;0
771;2020-03-11;Sardegna;10;0;10;27;37;17;17;0;0;0.0;0.0;37;283;0.0;79;0.0;0
772;2020-03-12;Sardegna;12;0;12;27;39;2;2;0;0;0.0;0.0;39;302;0.0;19;0.0;0
773;2020-03-13;Sardegna;12;0;12;31;43;4;4;0;0;0.0;0.0;43;504;0.0;202;0.0;0
774;2020-03-14;Sardegna;14;0;14;33;47;4;4;0;0;0.0;0.0;47;530;0.0;26;0.0;0
775;2020-03-15;Sardegna;16;0;16;59;75;28;30;0;2;0.0;0.0;77;613;0.0;83;0.0;2
776;2020-03-16;Sardegna;39;0;39;66;105;30;30;0;2;0.0;0.0;107;797;0.0;184;0.0;0
777;2020-03-17;Sardegna;36;4;40;75;115;10;10;0;2;0.0;0.0;117;1003;0.0;206;0.0;0
778;2020-03-18;Sardegna;42;7;49;83;132;17;17;0;2;0.0;0.0;134;1135;0.0;132;0.0;0
779;2020-03-19;Sardegna;43;9;52;152;204;72;72;0;2;0.0;0.0;206;1334;0.0;199;0.0;0
780;2020-03-20;Sardegna;56;15;71;217;288;84;87;3;2;0.0;0.0;293;1912;0.0;578;0.0;0
781;2020-03-21;Sardegna;65;16;81;240;321;33;37;5;4;0.0;0.0;330;2297;0.0;385;0.0;2
782;2020-03-22;Sardegna;67;16;83;244;327;6;9;5;7;0.0;0.0;339;2402;0.0;105;0.0;3
783;2020-03-23;Sardegna;76;18;94;249;343;16;20;5;11;0.0;0.0;359;2568;0.0;166;0.0;4
784;2020-03-24;Sardegna;80;19;99;296;395;52;62;11;15;0.0;0.0;421;2859;0.0;291;0.0;4
785;2020-03-25;Sardegna;82;19;101;311;412;17;21;12;18;0.0;0.0;442;3019;0.0;160;0.0;3
786;2020-03-26;Sardegna;92;20;112;350;462;50;52;13;19;0.0;0.0;494;3461;0.0;442;0.0;1
787;2020-03-27;Sardegna;93;19;112;384;496;34;36;13;21;0.0;0.0;530;3801;0.0;340;0.0;2
788;2020-03-28;Sardegna;95;22;117;452;569;73;94;29;26;0.0;0.0;624;4225;0.0;424;0.0;5
789;2020-03-29;Sardegna;105;23;128;454;582;13;14;29;27;0.0;0.0;638;4598;0.0;373;0.0;1
790;2020-03-30;Sardegna;113;24;137;485;622;40;44;32;28;0.0;0.0;682;4993;0.0;395;0.0;1
791;2020-03-31;Sardegna;113;28;141;516;657;35;40;34;31;0.0;0.0;722;5257;0.0;264;0.0;3
792;2020-04-01;Sardegna;119;27;146;529;675;18;23;36;34;0.0;0.0;745;5501;0.0;244;0.0;3
793;2020-04-02;Sardegna;117;24;141;577;718;43;49;36;40;0.0;0.0;794;5970;0.0;469;0.0;6
794;2020-04-03;Sardegna;122;24;146;598;744;26;31;40;41;0.0;0.0;825;6478;0.0;508;0.0;1
795;2020-04-04;Sardegna;123;24;147;642;789;45;49;44;41;0.0;0.0;874;6789;0.0;311;0.0;0
796;2020-04-05;Sardegna;126;25;151;664;815;26;33;49;43;0.0;0.0;907;7157;0.0;368;0.0;2
797;2020-04-06;Sardegna;123;26;149;670;819;4;15;56;47;0.0;0.0;922;7521;0.0;364;0.0;4
798;2020-04-07;Sardegna;122;26;148;673;821;2;13;62;52;0.0;0.0;935;7680;0.0;159;0.0;5
799;2020-04-08;Sardegna;112;31;143;697;840;19;40;76;59;0.0;0.0;975;8493;0.0;813;0.0;7
800;2020-04-09;Sardegna;106;25;131;745;876;36;51;86;64;0.0;0.0;1026;8918;0.0;425;0.0;5
801;2020-04-10;Sardegna;107;26;133;743;876;0;37;118;69;0.0;0.0;1063;9444;0.0;526;0.0;5
802;2020-04-11;Sardegna;113;24;137;751;888;12;28;130;73;0.0;0.0;1091;10120;0.0;676;0.0;4
803;2020-04-12;Sardegna;109;26;135;768;903;15;22;137;73;0.0;0.0;1113;10663;0.0;543;0.0;0
804;2020-04-13;Sardegna;107;27;134;780;914;11;15;139;75;0.0;0.0;1128;11010;0.0;347;0.0;2
805;2020-04-14;Sardegna;107;24;131;769;900;-14;10;158;80;0.0;0.0;1138;11893;0.0;883;0.0;5
806;2020-04-15;Sardegna;107;26;133;737;870;-30;23;208;83;0.0;0.0;1161;12395;0.0;502;0.0;3
807;2020-04-16;Sardegna;109;24;133;732;865;-5;3;214;85;0.0;0.0;1164;12796;0.0;401;0.0;2
808;2020-04-17;Sardegna;113;23;136;736;872;7;14;220;86;0.0;0.0;1178;13304;0.0;508;0.0;1
809;2020-04-18;Sardegna;112;23;135;746;881;9;20;231;86;0.0;0.0;1198;14087;0.0;783;0.0;0
810;2020-04-19;Sardegna;117;22;139;725;864;-17;17;265;86;0.0;0.0;1215;14859;13760.0;772;13760.0;0
811;2020-04-20;Sardegna;115;21;136;718;854;-10;13;288;86;0.0;0.0;1228;15328;14160.0;469;400.0;0
812;2020-04-21;Sardegna;112;21;133;704;837;-17;8;306;93;0.0;0.0;1236;15886;14526.0;558;366.0;7
813;2020-04-22;Sardegna;97;20;117;716;833;-4;11;318;96;0.0;0.0;1247;16886;15354.0;1000;828.0;3
814;2020-04-23;Sardegna;90;20;110;707;817;-16;7;339;98;0.0;0.0;1254;17844;16094.0;958;740.0;2
815;2020-04-24;Sardegna;95;19;114;690;804;-13;3;351;102;0.0;0.0;1257;19889;18050.0;2045;1956.0;4
816;2020-04-25;Sardegna;96;18;114;680;794;-10;14;374;103;0.0;0.0;1271;20351;18480.0;462;430.0;1
817;2020-04-26;Sardegna;95;20;115;668;783;-11;9;388;109;0.0;0.0;1280;21101;19162.0;750;682.0;6
818;2020-04-27;Sardegna;97;19;116;660;776;-7;3;398;109;0.0;0.0;1283;21395;19424.0;294;262.0;0
819;2020-04-28;Sardegna;96;18;114;658;772;-4;2;404;109;0.0;0.0;1285;22116;20053.0;721;629.0;0
820;2020-04-29;Sardegna;87;17;104;657;761;-11;5;413;116;0.0;0.0;1290;23299;21071.0;1183;1018.0;7
821;2020-04-30;Sardegna;87;16;103;641;744;-17;5;435;116;0.0;0.0;1295;24754;22358.0;1455;1287.0;0
822;2020-05-01;Sardegna;84;12;96;648;744;0;18;452;117;0.0;0.0;1313;26242;23442.0;1488;1084.0;1
823;2020-05-02;Sardegna;86;13;99;631;730;-14;2;466;119;0.0;0.0;1315;26990;24065.0;748;623.0;2
824;2020-05-03;Sardegna;92;10;102;587;689;-41;4;511;119;0.0;0.0;1319;27737;24662.0;747;597.0;0
825;2020-05-04;Sardegna;91;9;100;553;653;-36;-2;545;119;0.0;0.0;1317;28052;24926.0;315;264.0;0
826;2020-05-05;Sardegna;94;9;103;539;642;-11;1;557;119;0.0;0.0;1318;28867;25631.0;815;705.0;0
827;2020-05-06;Sardegna;91;11;102;521;623;-19;1;577;119;0.0;0.0;1319;29966;26598.0;1099;967.0;0
828;2020-05-07;Sardegna;90;9;99;484;583;-40;5;622;119;0.0;0.0;1324;31064;27540.0;1098;942.0;0
829;2020-05-08;Sardegna;90;10;100;453;553;-30;6;658;119;0.0;0.0;1330;32219;28519.0;1155;979.0;0
830;2020-05-09;Sardegna;87;11;98;452;550;-3;4;665;119;0.0;0.0;1334;33330;29503.0;1111;984.0;0
831;2020-05-10;Sardegna;83;10;93;422;515;-35;6;705;120;0.0;0.0;1340;34046;30086.0;716;583.0;1
832;2020-05-11;Sardegna;84;10;94;417;511;-4;3;712;120;0.0;0.0;1343;34641;30582.0;595;496.0;0
833;2020-05-12;Sardegna;77;11;88;418;506;-5;1;718;120;0.0;0.0;1344;35476;31351.0;835;769.0;0
834;2020-05-13;Sardegna;78;10;88;403;491;-15;1;734;120;0.0;0.0;1345;36710;32449.0;1234;1098.0;0
835;2020-05-14;Sardegna;76;10;86;379;465;-26;0;755;125;0.0;0.0;1345;38034;33526.0;1324;1077.0;5
836;2020-05-15;Sardegna;75;10;85;376;461;-4;3;762;125;0.0;0.0;1348;39844;34864.0;1810;1338.0;0
837;2020-05-16;Sardegna;75;10;85;330;415;-46;4;812;125;0.0;0.0;1352;41257;35933.0;1413;1069.0;0
838;2020-05-17;Sardegna;76;10;86;319;405;-10;1;823;125;0.0;0.0;1353;42249;36736.0;992;803.0;0
839;2020-05-18;Sardegna;72;10;82;298;380;-25;0;847;126;0.0;0.0;1353;43387;37684.0;1138;948.0;1
840;2020-05-19;Sardegna;71;9;80;261;341;-39;1;887;126;0.0;0.0;1354;44413;38503.0;1026;819.0;0
841;2020-05-20;Sardegna;68;10;78;253;331;-10;1;898;126;0.0;0.0;1355;45572;39460.0;1159;957.0;0
842;2020-05-21;Sardegna;64;12;76;242;318;-13;1;911;127;0.0;0.0;1356;46795;40461.0;1223;1001.0;1
843;2020-05-22;Sardegna;58;6;64;242;306;-12;0;922;128;0.0;0.0;1356;48189;41603.0;1394;1142.0;1
844;2020-05-23;Sardegna;58;6;64;223;287;-19;0;940;129;0.0;0.0;1356;49675;42790.0;1486;1187.0;1
845;2020-05-24;Sardegna;51;3;54;191;245;-42;0;982;129;0.0;0.0;1356;50796;43661.0;1121;871.0;0
846;2020-05-25;Sardegna;49;3;52;179;231;-14;-2;994;129;0.0;0.0;1354;51073;43924.0;277;263.0;0
847;2020-05-26;Sardegna;41;2;43;181;224;-7;0;1000;130;0.0;0.0;1354;51968;44663.0;895;739.0;1
848;2020-05-27;Sardegna;41;2;43;172;215;-9;1;1010;130;0.0;0.0;1355;53294;45745.0;1326;1082.0;0
849;2020-05-28;Sardegna;38;2;40;160;200;-15;0;1025;130;0.0;0.0;1355;54587;46815.0;1293;1070.0;0
850;2020-05-29;Sardegna;37;2;39;151;190;-10;1;1036;130;0.0;0.0;1356;55831;47841.0;1244;1026.0;0
851;2020-05-30;Sardegna;34;2;36;150;186;-4;0;1040;130;0.0;0.0;1356;56580;48432.0;749;591.0;0
852;2020-05-31;Sardegna;33;2;35;150;185;-1;0;1041;130;0.0;0.0;1356;57296;49016.0;716;584.0;0
853;2020-06-01;Sardegna;23;1;24;137;161;-24;1;1065;131;0.0;0.0;1357;57687;49354.0;391;338.0;1
854;2020-06-02;Sardegna;21;1;22;133;155;-6;0;1071;131;0.0;0.0;1357;58224;49736.0;537;382.0;0
855;2020-06-03;Sardegna;12;1;13;133;146;-9;0;1080;131;0.0;0.0;1357;58605;50057.0;381;321.0;0
856;2020-06-04;Sardegna;12;1;13;95;108;-38;0;1118;131;0.0;0.0;1357;59556;50865.0;951;808.0;0
857;2020-06-05;Sardegna;11;0;11;56;67;-41;2;1161;131;0.0;0.0;1359;60794;51853.0;1238;988.0;0
858;2020-06-06;Sardegna;10;1;11;49;60;-7;3;1171;131;0.0;0.0;1362;62145;52956.0;1351;1103.0;0
859;2020-06-07;Sardegna;10;1;11;48;59;-1;0;1172;131;0.0;0.0;1362;63172;53735.0;1027;779.0;0
860;2020-06-08;Sardegna;9;1;10;46;56;-3;0;1175;131;0.0;0.0;1362;63510;54051.0;338;316.0;0
861;2020-06-09;Sardegna;9;1;10;44;54;-2;-1;1176;131;0.0;0.0;1361;64272;54707.0;762;656.0;0
862;2020-06-10;Sardegna;9;1;10;40;50;-4;0;1180;131;0.0;0.0;1361;65175;55439.0;903;732.0;0
863;2020-06-11;Sardegna;10;1;11;32;43;-7;1;1188;131;0.0;0.0;1362;66133;56226.0;958;787.0;0
864;2020-06-12;Sardegna;10;1;11;31;42;-1;1;1190;131;0.0;0.0;1363;67069;56937.0;936;711.0;0
865;2020-06-13;Sardegna;12;0;12;22;34;-8;0;1197;132;0.0;0.0;1363;68079;57763.0;1010;826.0;1
866;2020-06-14;Sardegna;12;0;12;21;33;-1;0;1198;132;0.0;0.0;1363;68769;58281.0;690;518.0;0
867;2020-06-15;Sardegna;12;0;12;21;33;0;0;1198;132;0.0;0.0;1363;69134;58586.0;365;305.0;0
868;2020-06-16;Sardegna;13;0;13;20;33;0;2;1200;132;0.0;0.0;1365;70202;59536.0;1068;950.0;0
869;2020-06-17;Sardegna;11;0;11;20;31;-2;1;1203;132;0.0;0.0;1366;71452;60606.0;1250;1070.0;0
870;2020-06-18;Sardegna;10;0;10;21;31;0;1;1204;132;0.0;0.0;1367;72722;61674.0;1270;1068.0;0
871;2020-06-19;Sardegna;10;0;10;20;30;-1;1;1206;132;0.0;0.0;1368;73846;62546.0;1124;872.0;0
872;2020-06-20;Sardegna;9;0;9;19;28;-2;1;1209;132;0.0;0.0;1369;75217;63646.0;1371;1100.0;0
873;2020-06-21;Sardegna;9;0;9;19;28;0;0;1209;132;0.0;0.0;1369;76086;64324.0;869;678.0;0
874;2020-06-22;Sardegna;9;0;9;19;28;0;0;1209;132;0.0;0.0;1369;76379;64582.0;293;258.0;0
875;2020-06-23;Sardegna;7;0;7;8;15;-13;0;1213;132;0.0;0.0;1360;77129;65151.0;750;569.0;0
876;2020-06-24;Sardegna;7;0;7;8;15;0;1;1214;132;0.0;0.0;1361;78449;66202.0;1320;1051.0;0
877;2020-06-25;Sardegna;6;0;6;8;14;-1;1;1216;132;1360.0;2.0;1362;79422;67025.0;973;823.0;0
878;2020-06-26;Sardegna;5;0;5;7;12;-2;0;1218;132;1360.0;2.0;1362;80546;67848.0;1124;823.0;0
879;2020-06-27;Sardegna;6;0;6;7;13;1;1;1218;132;1360.0;3.0;1363;81351;68359.0;805;511.0;0
880;2020-06-28;Sardegna;6;0;6;8;14;1;1;1218;132;1360.0;4.0;1364;82182;69088.0;831;729.0;0
881;2020-06-29;Sardegna;6;0;6;8;14;0;0;1218;132;1360.0;4.0;1364;82478;69332.0;296;244.0;0
882;2020-06-30;Sardegna;6;0;6;8;14;0;2;1219;133;1360.0;6.0;1366;83439;70030.0;961;698.0;1
883;2020-07-01;Sardegna;5;0;5;6;11;-3;0;1222;133;1360.0;6.0;1366;84569;71039.0;1130;1009.0;0
884;2020-07-02;Sardegna;7;0;7;6;13;2;2;1222;133;1360.0;8.0;1368;85381;72197.0;812;1158.0;0
885;2020-07-03;Sardegna;6;0;6;8;14;1;1;1222;133;1360.0;9.0;1369;86534;72993.0;1153;796.0;0
886;2020-07-04;Sardegna;6;0;6;7;13;-1;0;1223;133;1360.0;9.0;1369;87244;73703.0;710;710.0;0
887;2020-07-05;Sardegna;4;0;4;8;12;-1;1;1225;133;1360.0;10.0;1370;87553;74074.0;309;371.0;0
888;2020-07-06;Sardegna;3;0;3;7;10;-2;1;1227;134;1360.0;11.0;1371;87798;74361.0;245;287.0;1
889;2020-07-07;Sardegna;5;0;5;8;13;3;0;1224;134;1360.0;11.0;1371;88721;75144.0;923;783.0;0
890;2020-07-08;Sardegna;3;0;3;7;10;-3;0;1227;134;1360.0;11.0;1371;89561;75894.0;840;750.0;0
891;2020-07-09;Sardegna;3;0;3;7;10;0;0;1227;134;1360.0;11.0;1371;90529;76752.0;968;858.0;0
892;2020-07-10;Sardegna;3;0;3;7;10;0;1;1228;134;1360.0;12.0;1372;91395;77452.0;866;700.0;0
893;2020-07-11;Sardegna;3;0;3;6;9;-1;0;1229;134;1360.0;12.0;1372;92286;78149.0;891;697.0;0
894;2020-07-12;Sardegna;3;0;3;6;9;0;0;1229;134;1360.0;12.0;1372;92691;78515.0;405;366.0;0
895;2020-07-13;Sardegna;3;0;3;7;10;1;1;1229;134;1360.0;13.0;1373;93207;78923.0;516;408.0;0
896;2020-07-14;Sardegna;4;0;4;6;10;0;1;1230;134;1361.0;13.0;1374;94052;79670.0;845;747.0;0
897;2020-07-15;Sardegna;4;0;4;8;12;2;2;1230;134;1361.0;15.0;1376;95175;80552.0;1123;882.0;0
898;2020-07-16;Sardegna;4;0;4;7;11;-1;1;1232;134;1362.0;15.0;1377;95982;81230.0;807;678.0;0
899;2020-07-17;Sardegna;5;0;5;5;10;-1;0;1233;134;1362.0;15.0;1377;97058;82095.0;1076;865.0;0
900;2020-07-18;Sardegna;7;0;7;4;11;1;1;1233;134;1363.0;15.0;1378;97807;82738.0;749;643.0;0
901;2020-07-19;Sardegna;7;0;7;5;12;1;1;1233;134;1363.0;16.0;1379;98250;83144.0;443;406.0;0
902;2020-07-20;Sardegna;7;0;7;5;12;0;0;1233;134;1363.0;16.0;1379;98802;83626.0;552;482.0;0
903;2020-07-21;Sardegna;7;0;7;5;12;0;0;1233;134;1363.0;16.0;1379;99476;84157.0;674;531.0;0
904;2020-07-22;Sardegna;7;0;7;5;12;0;1;1234;134;1363.0;17.0;1380;100140;84889.0;664;732.0;0
905;2020-07-23;Sardegna;7;0;7;7;14;2;2;1234;134;1364.0;18.0;1382;101231;85852.0;1091;963.0;0
906;2020-02-24;Marche;0;0;0;0;0;0;0;0;0;0.0;0.0;0;16;0.0;16;0.0;0
907;2020-02-25;Marche;0;0;0;0;0;0;0;0;0;0.0;0.0;0;21;0.0;5;0.0;0
908;2020-02-26;Marche;1;0;1;0;1;1;1;0;0;0.0;0.0;1;28;0.0;7;0.0;0
909;2020-02-27;Marche;2;1;3;0;3;2;2;0;0;0.0;0.0;3;46;0.0;18;0.0;0
910;2020-02-28;Marche;3;2;5;1;6;3;3;0;0;0.0;0.0;6;47;0.0;1;0.0;0
911;2020-02-29;Marche;6;2;8;3;11;5;5;0;0;0.0;0.0;11;68;0.0;21;0.0;0
912;2020-03-01;Marche;12;5;17;8;25;14;14;0;0;0.0;0.0;25;101;0.0;33;0.0;0
913;2020-03-02;Marche;17;6;23;11;34;9;10;0;1;0.0;0.0;35;137;0.0;36;0.0;1
914;2020-03-03;Marche;27;13;40;19;59;25;26;0;2;0.0;0.0;61;200;0.0;63;0.0;1
915;2020-03-04;Marche;34;15;49;31;80;21;23;0;4;0.0;0.0;84;288;0.0;88;0.0;2
916;2020-03-05;Marche;57;19;76;44;120;40;40;0;4;0.0;0.0;124;413;0.0;125;0.0;0
917;2020-03-06;Marche;73;20;93;62;155;35;35;0;4;0.0;0.0;159;585;0.0;172;0.0;0
918;2020-03-07;Marche;94;36;130;71;201;46;48;0;6;0.0;0.0;207;816;0.0;231;0.0;2
919;2020-03-08;Marche;110;41;151;114;265;64;65;0;7;0.0;0.0;272;1025;0.0;209;0.0;1
920;2020-03-09;Marche;136;47;183;130;313;48;51;0;10;0.0;0.0;323;1250;0.0;225;0.0;3
921;2020-03-10;Marche;152;54;206;175;381;68;71;0;13;0.0;0.0;394;1437;0.0;187;0.0;3
922;2020-03-11;Marche;212;66;278;183;461;80;85;0;18;0.0;0.0;479;1656;0.0;219;0.0;5
923;2020-03-12;Marche;254;76;330;240;570;109;113;0;22;0.0;0.0;592;1907;0.0;251;0.0;4
924;2020-03-13;Marche;337;85;422;276;698;128;133;0;27;0.0;0.0;725;2218;0.0;311;0.0;5
925;2020-03-14;Marche;449;93;542;321;863;165;174;0;36;0.0;0.0;899;2561;0.0;343;0.0;9
926;2020-03-15;Marche;521;98;619;468;1087;224;234;0;46;0.0;0.0;1133;2946;0.0;385;0.0;10
927;2020-03-16;Marche;528;110;638;547;1185;98;109;0;57;0.0;0.0;1242;3225;0.0;279;0.0;11
928;2020-03-17;Marche;599;109;708;594;1302;117;129;0;69;0.0;0.0;1371;3225;0.0;0;0.0;12
929;2020-03-18;Marche;638;119;757;719;1476;174;197;0;92;0.0;0.0;1568;4109;0.0;884;0.0;23
930;2020-03-19;Marche;656;141;797;825;1622;146;169;0;115;0.0;0.0;1737;4512;0.0;403;0.0;23
931;2020-03-20;Marche;704;138;842;1002;1844;222;244;0;137;0.0;0.0;1981;5170;0.0;658;0.0;22
932;2020-03-21;Marche;742;141;883;1114;1997;153;172;2;154;0.0;0.0;2153;5740;0.0;570;0.0;17
933;2020-03-22;Marche;816;138;954;1277;2231;234;268;6;184;0.0;0.0;2421;6391;0.0;651;0.0;30
934;2020-03-23;Marche;882;148;1030;1328;2358;127;148;8;203;0.0;0.0;2569;6782;0.0;391;0.0;19
935;2020-03-24;Marche;862;149;1011;1486;2497;139;167;8;231;0.0;0.0;2736;7229;0.0;447;0.0;28
936;2020-03-25;Marche;938;148;1086;1553;2639;142;198;8;287;0.0;0.0;2934;7896;0.0;667;0.0;56
937;2020-03-26;Marche;977;166;1143;1652;2795;156;180;9;310;0.0;0.0;3114;8623;0.0;727;0.0;23
938;2020-03-27;Marche;979;162;1141;1709;2850;55;82;10;336;0.0;0.0;3196;9060;0.0;437;0.0;26
939;2020-03-28;Marche;987;166;1153;1846;2999;149;177;10;364;0.0;0.0;3373;9884;0.0;824;0.0;28
940;2020-03-29;Marche;1000;168;1168;1992;3160;161;185;12;386;0.0;0.0;3558;10431;0.0;547;0.0;22
941;2020-03-30;Marche;998;167;1165;2086;3251;91;126;16;417;0.0;0.0;3684;10979;0.0;548;0.0;31
942;2020-03-31;Marche;946;169;1115;2237;3352;101;141;21;452;0.0;0.0;3825;11724;0.0;745;0.0;35
943;2020-04-01;Marche;984;168;1152;2304;3456;104;137;29;477;0.0;0.0;3962;12296;0.0;572;0.0;25
944;2020-04-02;Marche;986;164;1150;2405;3555;99;136;40;503;0.0;0.0;4098;12943;0.0;647;0.0;26
945;2020-04-03;Marche;982;158;1140;2491;3631;76;132;42;557;0.0;0.0;4230;13678;0.0;735;0.0;54
946;2020-04-04;Marche;997;153;1150;2347;3497;-134;111;270;574;0.0;0.0;4341;14472;0.0;794;0.0;17
947;2020-04-05;Marche;987;151;1138;2440;3578;81;123;287;599;0.0;0.0;4464;15252;0.0;780;0.0;25
948;2020-04-06;Marche;1001;140;1141;2565;3706;128;150;296;612;0.0;0.0;4614;15919;0.0;667;0.0;13
949;2020-04-07;Marche;962;139;1101;2637;3738;32;96;342;630;0.0;0.0;4710;16619;0.0;700;0.0;18
950;2020-04-08;Marche;974;133;1107;2455;3562;-176;149;645;652;0.0;0.0;4859;17532;0.0;913;0.0;22
951;2020-04-09;Marche;945;133;1078;2323;3401;-161;96;885;669;0.0;0.0;4955;18194;0.0;662;0.0;17
952;2020-04-10;Marche;925;127;1052;2264;3316;-85;129;1086;682;0.0;0.0;5084;18970;0.0;776;0.0;13
953;2020-04-11;Marche;960;118;1078;2153;3231;-85;127;1291;689;0.0;0.0;5211;20060;0.0;1090;0.0;7
954;2020-04-12;Marche;949;114;1063;2051;3114;-117;92;1489;700;0.0;0.0;5303;21057;0.0;997;0.0;11
955;2020-04-13;Marche;959;108;1067;2013;3080;-34;78;1588;713;0.0;0.0;5381;28379;0.0;7322;0.0;13
956;2020-04-14;Marche;937;106;1043;2052;3095;15;45;1603;728;0.0;0.0;5426;29160;0.0;781;0.0;15
957;2020-04-15;Marche;888;106;994;2103;3097;2;77;1660;746;0.0;0.0;5503;30329;0.0;1169;0.0;18
958;2020-04-16;Marche;850;102;952;2172;3124;27;79;1694;764;0.0;0.0;5582;33778;0.0;3449;0.0;18
959;2020-04-17;Marche;839;94;933;2224;3157;33;86;1726;785;0.0;0.0;5668;37997;0.0;4219;0.0;21
960;2020-04-18;Marche;804;88;892;2280;3172;15;53;1754;795;0.0;0.0;5721;39909;0.0;1912;0.0;10
961;2020-04-19;Marche;799;86;885;2297;3182;10;48;1780;807;0.0;0.0;5769;41474;27099.0;1565;27099.0;12
962;2020-04-20;Marche;792;80;872;2340;3212;30;57;1792;822;0.0;0.0;5826;42782;28006.0;1308;907.0;15
963;2020-04-21;Marche;784;78;862;2356;3218;6;51;1825;834;0.0;0.0;5877;44332;29090.0;1550;1084.0;12
964;2020-04-22;Marche;735;76;811;2419;3230;12;47;1849;845;0.0;0.0;5924;46492;30543.0;2160;1453.0;11
965;2020-04-23;Marche;727;71;798;2432;3230;0;28;1865;857;0.0;0.0;5952;47662;31673.0;1170;1130.0;12
966;2020-04-24;Marche;705;61;766;2507;3273;43;76;1890;865;0.0;0.0;6028;49163;33113.0;1501;1440.0;8
967;2020-04-25;Marche;689;58;747;2525;3272;-1;30;1912;874;0.0;0.0;6058;50996;34256.0;1833;1143.0;9
968;2020-04-26;Marche;668;58;726;2582;3308;36;53;1924;879;0.0;0.0;6111;52063;35107.0;1067;851.0;5
969;2020-04-27;Marche;667;58;725;2585;3310;2;16;1933;884;0.0;0.0;6127;52765;35617.0;702;510.0;5
970;2020-04-28;Marche;666;58;724;2610;3334;24;48;1948;893;0.0;0.0;6175;54313;36650.0;1548;1033.0;9
971;2020-04-29;Marche;640;52;692;2655;3347;13;35;1964;899;0.0;0.0;6210;55905;37877.0;1592;1227.0;6
972;2020-04-30;Marche;465;48;513;2697;3210;-137;37;2131;906;0.0;0.0;6247;59488;39145.0;3583;1268.0;7
973;2020-05-01;Marche;413;44;457;2754;3211;1;28;2153;911;0.0;0.0;6275;61241;40123.0;1753;978.0;5
974;2020-05-02;Marche;399;46;445;2760;3205;-6;23;2177;916;0.0;0.0;6298;62834;41156.0;1593;1033.0;5
975;2020-05-03;Marche;400;43;443;2755;3198;-7;21;2194;927;0.0;0.0;6319;64412;42281.0;1578;1125.0;11
976;2020-05-04;Marche;389;44;433;2773;3206;8;44;2225;932;0.0;0.0;6363;65398;42838.0;986;557.0;5
977;2020-05-05;Marche;387;42;429;2790;3219;13;29;2237;936;0.0;0.0;6392;67256;44045.0;1858;1207.0;4
978;2020-05-06;Marche;353;42;395;2841;3236;17;29;2242;943;0.0;0.0;6421;69037;45026.0;1781;981.0;7
979;2020-05-07;Marche;328;41;369;2878;3247;11;31;2257;948;0.0;0.0;6452;71017;46258.0;1980;1232.0;5
980;2020-05-08;Marche;303;38;341;2897;3238;-9;18;2278;954;0.0;0.0;6470;72504;47092.0;1487;834.0;6
981;2020-05-09;Marche;285;32;317;2913;3230;-8;23;2305;958;0.0;0.0;6493;73965;47827.0;1461;735.0;4
982;2020-05-10;Marche;284;30;314;2937;3251;21;40;2322;960;0.0;0.0;6533;76367;49194.0;2402;1367.0;2
983;2020-05-11;Marche;277;28;305;2922;3227;-24;10;2352;964;0.0;0.0;6543;77830;50206.0;1463;1012.0;4
984;2020-05-12;Marche;230;24;254;2954;3208;-19;25;2391;969;0.0;0.0;6568;79414;51176.0;1584;970.0;5
985;2020-05-13;Marche;211;20;231;2782;3013;-195;20;2604;971;0.0;0.0;6588;80850;52041.0;1436;865.0;2
986;2020-05-14;Marche;189;18;207;2697;2904;-109;15;2725;974;0.0;0.0;6603;82840;53030.0;1990;989.0;3
987;2020-05-15;Marche;178;18;196;2599;2795;-109;16;2847;977;0.0;0.0;6619;84351;53813.0;1511;783.0;3
988;2020-05-16;Marche;154;17;171;2486;2657;-138;23;3003;982;0.0;0.0;6642;87211;54804.0;2860;991.0;5
989;2020-05-17;Marche;151;18;169;2396;2565;-92;25;3118;984;0.0;0.0;6667;88656;55667.0;1445;863.0;2
990;2020-05-18;Marche;156;17;173;2142;2315;-250;11;3379;984;0.0;0.0;6678;89085;55988.0;429;321.0;0
991;2020-05-19;Marche;144;17;161;1967;2128;-187;-3;3561;986;0.0;0.0;6675;89985;56668.0;900;680.0;2
992;2020-05-20;Marche;125;16;141;1833;1974;-154;2;3716;987;0.0;0.0;6677;90093;57604.0;108;936.0;1
993;2020-05-21;Marche;111;16;127;1705;1832;-142;12;3867;990;0.0;0.0;6689;91885;58667.0;1792;1063.0;3
994;2020-05-22;Marche;101;15;116;1652;1768;-64;8;3939;990;0.0;0.0;6697;93549;59673.0;1664;1006.0;0
995;2020-05-23;Marche;100;15;115;1598;1713;-55;4;3995;993;0.0;0.0;6701;94657;60232.0;1108;559.0;3
996;2020-05-24;Marche;101;13;114;1578;1692;-21;13;4028;994;0.0;0.0;6714;95715;60949.0;1058;717.0;1
997;2020-05-25;Marche;95;13;108;1554;1662;-30;2;4059;995;0.0;0.0;6716;96270;61347.0;555;398.0;1
998;2020-05-26;Marche;94;13;107;1468;1575;-87;2;4147;996;0.0;0.0;6718;97285;61923.0;1015;576.0;1
999;2020-05-27;Marche;90;13;103;1347;1450;-125;0;4272;996;0.0;0.0;6718;98535;62815.0;1250;892.0;0
1000;2020-05-28;Marche;79;13;92;1254;1346;-104;1;4376;997;0.0;0.0;6719;100110;63611.0;1575;796.0;1
1001;2020-05-29;Marche;69;9;78;1274;1352;6;4;4385;986;0.0;0.0;6723;101389;64361.0;1279;750.0;-11
1002;2020-05-30;Marche;66;9;75;1272;1347;-5;4;4393;987;0.0;0.0;6727;102484;64947.0;1095;586.0;1
1003;2020-05-31;Marche;62;9;71;1267;1338;-9;3;4405;987;0.0;0.0;6730;103634;65617.0;1150;670.0;0
1004;2020-06-01;Marche;63;9;72;1255;1327;-11;0;4416;987;0.0;0.0;6730;103994;65848.0;360;231.0;0
1005;2020-06-02;Marche;60;9;69;1257;1326;-1;4;4421;987;0.0;0.0;6734;104968;66434.0;974;586.0;0
1006;2020-06-03;Marche;57;8;65;1245;1310;-16;1;4438;987;0.0;0.0;6735;105679;66805.0;711;371.0;0
1007;2020-06-04;Marche;52;5;57;1246;1303;-7;3;4447;988;0.0;0.0;6738;110077;67429.0;4398;624.0;1
1008;2020-06-05;Marche;50;5;55;1238;1293;-10;2;4458;989;0.0;0.0;6740;111431;68197.0;1354;768.0;1
1009;2020-06-06;Marche;46;3;49;1146;1195;-98;2;4556;991;0.0;0.0;6742;112740;68775.0;1309;578.0;2
1010;2020-06-07;Marche;41;2;43;1116;1159;-36;3;4595;991;0.0;0.0;6745;113729;69376.0;989;601.0;0
1011;2020-06-08;Marche;41;2;43;1032;1075;-84;2;4681;991;0.0;0.0;6747;114310;69736.0;581;360.0;0
1012;2020-06-09;Marche;32;0;32;960;992;-83;0;4763;992;0.0;0.0;6747;115510;70335.0;1200;599.0;1
1013;2020-06-10;Marche;29;0;29;918;947;-45;3;4811;992;0.0;0.0;6750;116320;70837.0;810;502.0;0
1014;2020-06-11;Marche;26;0;26;876;902;-45;1;4857;992;0.0;0.0;6751;117720;71531.0;1400;694.0;0
1015;2020-06-12;Marche;22;0;22;728;750;-152;1;5009;993;0.0;0.0;6752;119045;72169.0;1325;638.0;1
1016;2020-06-13;Marche;22;0;22;655;677;-73;2;5084;993;0.0;0.0;6754;120308;72713.0;1263;544.0;0
1017;2020-06-14;Marche;21;0;21;605;626;-51;4;5139;993;0.0;0.0;6758;121354;73298.0;1046;585.0;0
1018;2020-06-15;Marche;18;0;18;599;617;-9;4;5152;993;0.0;0.0;6762;121620;73564.0;266;266.0;0
1019;2020-06-16;Marche;19;0;19;582;601;-16;1;5168;994;0.0;0.0;6763;122650;74194.0;1030;630.0;1
1020;2020-06-17;Marche;21;0;21;564;585;-16;1;5185;994;0.0;0.0;6764;123770;74827.0;1120;633.0;0
1021;2020-06-18;Marche;19;0;19;558;577;-8;4;5197;994;0.0;0.0;6768;125339;75604.0;1569;777.0;0
1022;2020-06-19;Marche;14;0;14;546;560;-17;0;5214;994;0.0;0.0;6768;126380;76228.0;1041;624.0;0
1023;2020-06-20;Marche;13;0;13;526;539;-21;0;5235;994;0.0;0.0;6768;127450;76777.0;1070;549.0;0
1024;2020-06-21;Marche;14;0;14;513;527;-12;0;5247;994;0.0;0.0;6768;128759;77465.0;1309;688.0;0
1025;2020-06-22;Marche;13;0;13;492;505;-22;3;5275;994;0.0;0.0;6774;129281;78060.0;522;595.0;0
1026;2020-06-23;Marche;11;0;11;482;493;-12;1;5288;994;0.0;0.0;6775;130121;78583.0;840;523.0;0
1027;2020-06-24;Marche;12;0;12;459;471;-22;4;5314;994;0.0;0.0;6779;131622;79407.0;1501;824.0;0
1028;2020-06-25;Marche;10;0;10;450;460;-11;2;5330;991;6778.0;3.0;6781;133007;80229.0;1385;822.0;-3
1029;2020-06-26;Marche;10;0;10;397;407;-53;2;5385;991;6781.0;2.0;6783;133947;80847.0;940;618.0;0
1030;2020-06-27;Marche;9;0;9;348;357;-50;2;5437;991;6785.0;0.0;6785;135122;81511.0;1175;664.0;0
1031;2020-06-28;Marche;9;0;9;311;320;-37;0;5474;991;6785.0;0.0;6785;136117;82147.0;995;636.0;0
1032;2020-06-29;Marche;9;0;9;265;274;-46;0;5520;991;6785.0;0.0;6785;136385;82326.0;268;179.0;0
1033;2020-06-30;Marche;8;0;8;258;266;-8;0;5528;991;6785.0;0.0;6785;137340;82950.0;955;624.0;0
1034;2020-07-01;Marche;8;0;8;240;248;-18;5;5551;987;6786.0;0.0;6786;138550;83726.0;1210;776.0;-4
1035;2020-07-02;Marche;8;0;8;230;238;-10;3;5564;987;6789.0;0.0;6789;139893;84572.0;1343;846.0;0
1036;2020-07-03;Marche;6;0;6;221;227;-11;0;5575;987;6789.0;0.0;6789;140965;85256.0;1072;684.0;0
1037;2020-07-04;Marche;5;0;5;198;203;-24;0;5599;987;6789.0;0.0;6789;142031;85913.0;1066;657.0;0
1038;2020-07-05;Marche;5;0;5;189;194;-9;1;5609;987;6790.0;0.0;6790;143029;86515.0;998;602.0;0
1039;2020-07-06;Marche;5;0;5;184;189;-5;0;5614;987;6790.0;0.0;6790;143299;86700.0;270;185.0;0
1040;2020-07-07;Marche;5;0;5;180;185;-4;1;5619;987;6791.0;0.0;6791;144089;87246.0;790;546.0;0
1041;2020-07-08;Marche;5;0;5;179;184;-1;3;5623;987;6794.0;0.0;6794;145099;87842.0;1010;596.0;0
1042;2020-07-09;Marche;5;0;5;168;173;-11;4;5638;987;6798.0;0.0;6798;146278;88502.0;1179;660.0;0
1043;2020-07-10;Marche;4;0;4;164;168;-5;1;5644;987;6799.0;0.0;6799;147083;88956.0;805;454.0;0
1044;2020-07-11;Marche;4;0;4;165;169;1;4;5647;987;6803.0;0.0;6803;148103;89561.0;1020;605.0;0
1045;2020-07-12;Marche;4;0;4;163;167;-2;1;5650;987;6804.0;0.0;6804;149154;90191.0;1051;630.0;0
1046;2020-07-13;Marche;4;0;4;155;159;-8;0;5658;987;6804.0;0.0;6804;149515;90393.0;361;202.0;0
1047;2020-07-14;Marche;4;0;4;156;160;1;1;5658;987;6805.0;0.0;6805;150309;90950.0;794;557.0;0
1048;2020-07-15;Marche;3;1;4;153;157;-3;0;5661;987;6805.0;0.0;6805;151628;91580.0;1319;630.0;0
1049;2020-07-16;Marche;3;1;4;152;156;-1;1;5663;987;6806.0;0.0;6806;152848;92199.0;1220;619.0;0
1050;2020-07-17;Marche;3;1;4;151;155;-1;3;5667;987;6809.0;0.0;6809;153879;92653.0;1031;454.0;0
1051;2020-07-18;Marche;2;1;3;152;155;0;3;5670;987;6812.0;0.0;6812;154887;93195.0;1008;542.0;0
1052;2020-07-19;Marche;2;1;3;147;150;-5;0;5674;987;6811.0;0.0;6811;155851;93692.0;964;497.0;0
1053;2020-07-20;Marche;2;1;3;143;146;-4;0;5678;987;6811.0;0.0;6811;156150;93877.0;299;185.0;0
1054;2020-07-21;Marche;2;1;3;141;144;-2;2;5682;987;6813.0;0.0;6813;157262;94527.0;1112;650.0;0
1055;2020-07-22;Marche;2;1;3;137;140;-4;1;5687;987;6814.0;0.0;6814;158397;95198.0;1135;671.0;0
1056;2020-07-23;Marche;2;1;3;134;137;-3;1;5691;987;6815.0;0.0;6815;159476;95858.0;1079;660.0;0
1057;2020-02-24;Molise;0;0;0;0;0;0;0;0;0;0.0;0.0;0;0;0.0;0;0.0;0
1058;2020-02-25;Molise;0;0;0;0;0;0;0;0;0;0.0;0.0;0;0;0.0;0;0.0;0
1059;2020-02-26;Molise;0;0;0;0;0;0;0;0;0;0.0;0.0;0;0;0.0;0;0.0;0
1060;2020-02-27;Molise;0;0;0;0;0;0;0;0;0;0.0;0.0;0;0;0.0;0;0.0;0
1061;2020-02-28;Molise;0;0;0;0;0;0;0;0;0;0.0;0.0;0;0;0.0;0;0.0;0
1062;2020-02-29;Molise;0;0;0;0;0;0;0;0;0;0.0;0.0;0;0;0.0;0;0.0;0
1063;2020-03-01;Molise;0;0;0;0;0;0;0;0;0;0.0;0.0;0;6;0.0;6;0.0;0
1064;2020-03-02;Molise;0;0;0;0;0;0;0;0;0;0.0;0.0;0;13;0.0;7;0.0;0
1065;2020-03-03;Molise;3;0;3;0;3;3;3;0;0;0.0;0.0;3;13;0.0;0;0.0;0
1066;2020-03-04;Molise;3;0;3;0;3;0;0;0;0;0.0;0.0;3;19;0.0;6;0.0;0
1067;2020-03-05;Molise;4;0;4;3;7;4;4;0;0;0.0;0.0;7;24;0.0;5;0.0;0
1068;2020-03-06;Molise;3;2;5;7;12;5;5;0;0;0.0;0.0;12;104;0.0;80;0.0;0
1069;2020-03-07;Molise;3;2;5;9;14;2;2;0;0;0.0;0.0;14;112;0.0;8;0.0;0
1070;2020-03-08;Molise;4;2;6;8;14;0;0;0;0;0.0;0.0;14;116;0.0;4;0.0;0
1071;2020-03-09;Molise;4;2;6;8;14;0;0;0;0;0.0;0.0;14;212;0.0;96;0.0;0
1072;2020-03-10;Molise;3;3;6;9;15;1;1;0;0;0.0;0.0;15;225;0.0;13;0.0;0
1073;2020-03-11;Molise;4;3;7;9;16;1;1;0;0;0.0;0.0;16;233;0.0;8;0.0;0
1074;2020-03-12;Molise;4;3;7;9;16;0;0;0;0;0.0;0.0;16;238;0.0;5;0.0;0
1075;2020-03-13;Molise;5;3;8;9;17;1;1;0;0;0.0;0.0;17;243;0.0;5;0.0;0
1076;2020-03-14;Molise;5;3;8;9;17;0;0;0;0;0.0;0.0;17;247;0.0;4;0.0;0
1077;2020-03-15;Molise;3;4;7;10;17;0;0;0;0;0.0;0.0;17;248;0.0;1;0.0;0
1078;2020-03-16;Molise;3;5;8;7;15;-2;4;5;1;0.0;0.0;21;253;0.0;5;0.0;1
1079;2020-03-17;Molise;7;5;12;7;19;4;4;5;1;0.0;0.0;25;301;0.0;48;0.0;0
1080;2020-03-18;Molise;7;6;13;8;21;2;3;6;1;0.0;0.0;28;361;0.0;60;0.0;0
1081;2020-03-19;Molise;19;6;25;13;38;17;18;6;2;0.0;0.0;46;426;0.0;65;0.0;1
1082;2020-03-20;Molise;20;6;26;13;39;1;4;6;5;0.0;0.0;50;426;0.0;0;0.0;3
1083;2020-03-21;Molise;21;6;27;20;47;8;11;7;7;0.0;0.0;61;449;0.0;23;0.0;2
1084;2020-03-22;Molise;24;7;31;21;52;5;5;7;7;0.0;0.0;66;532;0.0;83;0.0;0
1085;2020-03-23;Molise;25;7;32;18;50;-2;1;10;7;0.0;0.0;67;532;0.0;0;0.0;0
1086;2020-03-24;Molise;27;7;34;21;55;5;6;10;8;0.0;0.0;73;572;0.0;40;0.0;1
1087;2020-03-25;Molise;26;7;33;20;53;-2;0;12;8;0.0;0.0;73;580;0.0;8;0.0;0
1088;2020-03-26;Molise;27;8;35;46;81;28;30;14;8;0.0;0.0;103;670;0.0;90;0.0;0
1089;2020-03-27;Molise;26;9;35;51;86;5;6;14;9;0.0;0.0;109;710;0.0;40;0.0;1
1090;2020-03-28;Molise;26;9;35;63;98;12;14;16;9;0.0;0.0;123;807;0.0;97;0.0;0
1091;2020-03-29;Molise;25;9;34;66;100;2;4;18;9;0.0;0.0;127;918;0.0;111;0.0;0
1092;2020-03-30;Molise;27;8;35;72;107;7;7;18;9;0.0;0.0;134;955;0.0;37;0.0;0
1093;2020-03-31;Molise;29;8;37;80;117;10;10;18;9;0.0;0.0;144;1049;0.0;94;0.0;0
1094;2020-04-01;Molise;32;8;40;91;131;14;16;19;10;0.0;0.0;160;1157;0.0;108;0.0;1
1095;2020-04-02;Molise;30;8;38;95;133;2;5;21;11;0.0;0.0;165;1229;0.0;72;0.0;1
1096;2020-04-03;Molise;31;8;39;105;144;11;11;21;11;0.0;0.0;176;1378;0.0;149;0.0;0
1097;2020-04-04;Molise;31;6;37;134;171;27;30;24;11;0.0;0.0;206;1504;0.0;126;0.0;0
1098;2020-04-05;Molise;33;6;39;148;187;16;18;24;13;0.0;0.0;224;1504;0.0;0;0.0;2
1099;2020-04-06;Molise;34;5;39;148;187;0;0;24;13;0.0;0.0;224;1546;0.0;42;0.0;0
1100;2020-04-07;Molise;35;5;40;145;185;-2;0;26;13;0.0;0.0;224;1581;0.0;35;0.0;0
1101;2020-04-08;Molise;30;4;34;147;181;-4;2;32;13;0.0;0.0;226;2002;0.0;421;0.0;0
1102;2020-04-09;Molise;30;4;34;155;189;8;8;32;13;0.0;0.0;234;2069;0.0;67;0.0;0
1103;2020-04-10;Molise;28;4;32;161;193;4;9;37;13;0.0;0.0;243;2069;0.0;0;0.0;0
1104;2020-04-11;Molise;28;4;32;161;193;0;3;39;14;0.0;0.0;246;2201;0.0;132;0.0;1
1105;2020-04-12;Molise;27;4;31;171;202;9;11;40;15;0.0;0.0;257;2471;0.0;270;0.0;1
1106;2020-04-13;Molise;28;4;32;170;202;0;0;40;15;0.0;0.0;257;2522;0.0;51;0.0;0
1107;2020-04-14;Molise;26;4;30;170;200;-2;0;42;15;0.0;0.0;257;2522;0.0;0;0.0;0
1108;2020-04-15;Molise;27;4;31;175;206;6;6;42;15;0.0;0.0;263;2855;0.0;333;0.0;0
1109;2020-04-16;Molise;25;4;29;174;203;-3;0;44;16;0.0;0.0;263;2967;0.0;112;0.0;1
1110;2020-04-17;Molise;26;4;30;178;208;5;6;45;16;0.0;0.0;269;3082;0.0;115;0.0;0
1111;2020-04-18;Molise;27;4;31;178;209;1;0;44;16;0.0;0.0;269;3082;0.0;0;0.0;0
1112;2020-04-19;Molise;27;4;31;184;215;6;10;47;17;0.0;0.0;279;3584;3482.0;502;3482.0;1
1113;2020-04-20;Molise;27;2;29;184;213;-2;2;50;18;0.0;0.0;281;3783;3683.0;199;201.0;1
1114;2020-04-21;Molise;27;2;29;184;213;0;1;51;18;0.0;0.0;282;4124;4015.0;341;332.0;0
1115;2020-04-22;Molise;21;2;23;182;205;-8;2;60;19;0.0;0.0;284;4425;4252.0;301;237.0;1
1116;2020-04-23;Molise;19;1;20;178;198;-7;0;66;20;0.0;0.0;284;4564;4478.0;139;226.0;1
1117;2020-04-24;Molise;19;1;20;180;200;2;3;67;20;0.0;0.0;287;4805;4718.0;241;240.0;0
1118;2020-04-25;Molise;19;1;20;178;198;-2;5;73;21;0.0;0.0;292;5191;5089.0;386;371.0;1
1119;2020-04-26;Molise;20;1;21;179;200;2;4;75;21;0.0;0.0;296;5567;5334.0;376;245.0;0
1120;2020-04-27;Molise;20;1;21;179;200;0;0;75;21;0.0;0.0;296;5656;5423.0;89;89.0;0
1121;2020-04-28;Molise;18;1;19;176;195;-5;1;81;21;0.0;0.0;297;5776;5538.0;120;115.0;0
1122;2020-04-29;Molise;17;1;18;175;193;-2;0;83;21;0.0;0.0;297;5910;5857.0;134;319.0;0
1123;2020-04-30;Molise;17;1;18;172;190;-3;1;87;21;0.0;0.0;298;6446;6228.0;536;371.0;0
1124;2020-05-01;Molise;17;1;18;172;190;0;2;89;21;0.0;0.0;300;6463;6450.0;17;222.0;0
1125;2020-05-02;Molise;9;1;10;172;182;-8;1;98;21;0.0;0.0;301;7075;6808.0;612;358.0;0
1126;2020-05-03;Molise;8;1;9;172;181;-1;0;98;22;0.0;0.0;301;7075;6808.0;0;0.0;1
1127;2020-05-04;Molise;9;1;10;168;178;-3;0;101;22;0.0;0.0;301;7328;7057.0;253;249.0;0
1128;2020-05-05;Molise;9;1;10;167;177;-1;0;102;22;0.0;0.0;301;7528;7252.0;200;195.0;0
1129;2020-05-06;Molise;9;0;9;170;179;2;3;103;22;0.0;0.0;304;7896;7604.0;368;352.0;0
1130;2020-05-07;Molise;8;0;8;162;170;-9;1;113;22;0.0;0.0;305;8237;7912.0;341;308.0;0
1131;2020-05-08;Molise;6;0;6;178;184;14;22;121;22;0.0;0.0;327;8502;8177.0;265;265.0;0
1132;2020-05-09;Molise;8;0;8;197;205;21;20;120;22;0.0;0.0;347;8691;8375.0;189;198.0;0
1133;2020-05-10;Molise;9;0;9;209;218;13;23;130;22;0.0;0.0;370;9164;9008.0;473;633.0;0
1134;2020-05-11;Molise;11;0;11;218;229;11;13;132;22;0.0;0.0;383;9390;9247.0;226;239.0;0
1135;2020-05-12;Molise;13;1;14;212;226;-3;3;138;22;0.0;0.0;386;9981;9582.0;591;335.0;0
1136;2020-05-13;Molise;9;1;10;221;231;5;15;148;22;0.0;0.0;401;10062;9773.0;81;191.0;0
1137;2020-05-14;Molise;10;1;11;218;229;-2;2;152;22;0.0;0.0;403;10227;10052.0;165;279.0;0
1138;2020-05-15;Molise;8;2;10;217;227;-2;4;158;22;0.0;0.0;407;10468;10281.0;241;229.0;0
1139;2020-05-16;Molise;8;2;10;205;215;-12;3;173;22;0.0;0.0;410;10859;10666.0;391;385.0;0
1140;2020-05-17;Molise;11;2;13;203;216;1;1;173;22;0.0;0.0;411;11085;10892.0;226;226.0;0
1141;2020-05-18;Molise;9;2;11;206;217;1;11;183;22;0.0;0.0;422;11514;11285.0;429;393.0;0
1142;2020-05-19;Molise;9;2;11;201;212;-5;0;188;22;0.0;0.0;422;11592;11354.0;78;69.0;0
1143;2020-05-20;Molise;7;2;9;189;198;-14;0;202;22;0.0;0.0;422;12158;11727.0;566;373.0;0
1144;2020-05-21;Molise;8;2;10;184;194;-4;1;207;22;0.0;0.0;423;12253;11819.0;95;92.0;0
1145;2020-05-22;Molise;8;2;10;174;184;-10;3;220;22;0.0;0.0;426;12616;12173.0;363;354.0;0
1146;2020-05-23;Molise;8;2;10;179;189;5;5;220;22;0.0;0.0;431;13017;12552.0;401;379.0;0
1147;2020-05-24;Molise;6;2;8;175;183;-6;1;227;22;0.0;0.0;432;13226;12751.0;209;199.0;0
1148;2020-05-25;Molise;5;2;7;170;177;-6;0;233;22;0.0;0.0;432;13315;12819.0;89;68.0;0
1149;2020-05-26;Molise;5;2;7;167;174;-3;0;236;22;0.0;0.0;432;13452;12940.0;137;121.0;0
1150;2020-05-27;Molise;3;2;5;161;166;-8;2;246;22;0.0;0.0;434;13629;13087.0;177;147.0;0
1151;2020-05-28;Molise;3;2;5;158;163;-3;1;250;22;0.0;0.0;435;13847;13266.0;218;179.0;0
1152;2020-05-29;Molise;3;2;5;157;162;-1;1;252;22;0.0;0.0;436;14109;13506.0;262;240.0;0
1153;2020-05-30;Molise;3;2;5;151;156;-6;0;258;22;0.0;0.0;436;14371;13734.0;262;228.0;0
1154;2020-05-31;Molise;2;2;4;141;145;-11;0;269;22;0.0;0.0;436;14631;13985.0;260;251.0;0
1155;2020-06-01;Molise;2;2;4;131;135;-10;0;279;22;0.0;0.0;436;14819;14147.0;188;162.0;0
1156;2020-06-02;Molise;3;2;5;128;133;-2;0;281;22;0.0;0.0;436;14951;14278.0;132;131.0;0
1157;2020-06-03;Molise;1;2;3;124;127;-6;0;287;22;0.0;0.0;436;15123;14439.0;172;161.0;0
1158;2020-06-04;Molise;0;2;2;123;125;-2;0;288;23;0.0;0.0;436;15261;15261.0;138;822.0;1
1159;2020-06-05;Molise;0;2;2;120;122;-3;0;291;23;0.0;0.0;436;15568;15568.0;307;307.0;0
1160;2020-06-06;Molise;0;2;2;119;121;-1;0;292;23;0.0;0.0;436;16522;15809.0;954;241.0;0
1161;2020-06-07;Molise;0;2;2;118;120;-1;0;293;23;0.0;0.0;436;16791;16056.0;269;247.0;0
1162;2020-06-08;Molise;0;2;2;117;119;-1;0;294;23;0.0;0.0;436;16966;16224.0;175;168.0;0
1163;2020-06-09;Molise;0;2;2;118;120;1;2;295;23;0.0;0.0;438;17162;16411.0;196;187.0;0
1164;2020-06-10;Molise;0;2;2;118;120;0;1;296;23;0.0;0.0;439;17375;16611.0;213;200.0;0
1165;2020-06-11;Molise;1;1;2;114;116;-4;0;300;23;0.0;0.0;439;17710;16916.0;335;305.0;0
1166;2020-06-12;Molise;1;1;2;112;114;-2;0;302;23;0.0;0.0;439;18112;17279.0;402;363.0;0
1167;2020-06-13;Molise;0;0;0;97;97;-17;0;319;23;0.0;0.0;439;18495;17630.0;383;351.0;0
1168;2020-06-14;Molise;0;0;0;74;74;-23;0;342;23;0.0;0.0;439;18845;17947.0;350;317.0;0
1169;2020-06-15;Molise;0;0;0;70;70;-4;0;346;23;0.0;0.0;439;19125;18214.0;280;267.0;0
1170;2020-06-16;Molise;1;0;1;64;65;-5;0;351;23;0.0;0.0;439;19368;18444.0;243;230.0;0
1171;2020-06-17;Molise;1;0;1;61;62;-3;1;355;23;0.0;0.0;440;19635;18684.0;267;240.0;0
1172;2020-06-18;Molise;1;0;1;59;60;-2;0;357;23;0.0;0.0;440;19984;19006.0;349;322.0;0
1173;2020-06-19;Molise;2;0;2;51;53;-7;1;365;23;0.0;0.0;441;20203;19208.0;219;202.0;0
1174;2020-06-20;Molise;2;0;2;51;53;0;0;365;23;0.0;0.0;441;20441;19445.0;238;237.0;0
1175;2020-06-21;Molise;2;0;2;38;40;-13;0;378;23;0.0;0.0;441;20656;19644.0;215;199.0;0
1176;2020-06-22;Molise;3;0;3;40;43;3;3;378;23;0.0;0.0;444;20752;19740.0;96;96.0;0
1177;2020-06-23;Molise;3;0;3;40;43;0;0;378;23;0.0;0.0;444;20902;19888.0;150;148.0;0
1178;2020-06-24;Molise;2;0;2;41;43;0;0;378;23;0.0;0.0;444;21265;20247.0;363;359.0;0
1179;2020-06-25;Molise;2;0;2;34;36;-7;0;385;23;444.0;0.0;444;21492;20460.0;227;213.0;0
1180;2020-06-26;Molise;1;0;1;28;29;-7;1;393;23;444.0;1.0;445;22008;20958.0;516;498.0;0
1181;2020-06-27;Molise;0;0;0;26;26;-3;0;396;23;444.0;1.0;445;22233;21165.0;225;207.0;0
1182;2020-06-28;Molise;0;0;0;26;26;0;0;396;23;444.0;1.0;445;22399;21325.0;166;160.0;0
1183;2020-06-29;Molise;0;0;0;26;26;0;0;396;23;444.0;1.0;445;22474;21400.0;75;75.0;0
1184;2020-06-30;Molise;0;0;0;25;25;-1;0;397;23;444.0;1.0;445;22660;21585.0;186;185.0;0
1185;2020-07-01;Molise;0;0;0;25;25;0;0;397;23;444.0;1.0;445;22886;21809.0;226;224.0;0
1186;2020-07-02;Molise;0;0;0;21;21;-4;0;401;23;444.0;1.0;445;23115;22013.0;229;204.0;0
1187;2020-07-03;Molise;0;0;0;21;21;0;0;401;23;444.0;1.0;445;23262;22167.0;147;154.0;0
1188;2020-07-04;Molise;0;0;0;21;21;0;0;401;23;444.0;1.0;445;23399;22303.0;137;136.0;0
1189;2020-07-05;Molise;0;0;0;21;21;0;0;401;23;444.0;1.0;445;23529;22432.0;130;129.0;0
1190;2020-07-06;Molise;0;0;0;21;21;0;0;401;23;444.0;1.0;445;23616;22519.0;87;87.0;0
1191;2020-07-07;Molise;0;0;0;18;18;-3;0;404;23;444.0;1.0;445;23800;22691.0;184;172.0;0
1192;2020-07-08;Molise;0;0;0;17;17;-1;0;405;23;444.0;1.0;445;23963;22851.0;163;160.0;0
1193;2020-07-09;Molise;0;0;0;15;15;-2;0;407;23;444.0;1.0;445;24149;23033.0;186;182.0;0
1194;2020-07-10;Molise;0;0;0;15;15;0;0;407;23;444.0;1.0;445;24295;23177.0;146;144.0;0
1195;2020-07-11;Molise;0;0;0;12;12;-3;0;410;23;444.0;1.0;445;24446;23324.0;151;147.0;0
1196;2020-07-12;Molise;1;0;1;12;13;1;1;410;23;444.0;2.0;446;24647;23519.0;201;195.0;0
1197;2020-07-13;Molise;1;0;1;12;13;0;0;410;23;444.0;2.0;446;24710;23582.0;63;63.0;0
1198;2020-07-14;Molise;1;0;1;8;9;-4;0;414;23;444.0;2.0;446;24875;23741.0;165;159.0;0
1199;2020-07-15;Molise;1;0;1;8;9;0;0;414;23;444.0;2.0;446;25037;23903.0;162;162.0;0
1200;2020-07-16;Molise;1;0;1;8;9;0;0;414;23;444.0;2.0;446;25218;24081.0;181;178.0;0
1201;2020-07-17;Molise;1;0;1;7;8;-1;0;415;23;444.0;2.0;446;25381;24242.0;163;161.0;0
1202;2020-07-18;Molise;1;0;1;7;8;0;0;415;23;444.0;2.0;446;25586;24446.0;205;204.0;0
1203;2020-07-19;Molise;1;0;1;7;8;0;0;415;23;444.0;2.0;446;25677;24537.0;91;91.0;0
1204;2020-07-20;Molise;1;0;1;7;8;0;0;415;23;444.0;2.0;446;25745;24605.0;68;68.0;0
1205;2020-07-21;Molise;1;0;1;7;8;0;0;415;23;444.0;2.0;446;25908;24768.0;163;163.0;0
1206;2020-07-22;Molise;1;0;1;10;11;3;4;416;23;444.0;6.0;450;26026;24883.0;118;115.0;0
1207;2020-07-23;Molise;0;0;0;17;17;6;9;419;23;457.0;2.0;459;26334;25185.0;308;302.0;0
1208;2020-02-24;Toscana;0;0;0;0;0;0;0;0;0;0.0;0.0;0;140;0.0;140;0.0;0
1209;2020-02-25;Toscana;2;0;2;0;2;2;2;0;0;0.0;0.0;2;296;0.0;156;0.0;0
1210;2020-02-26;Toscana;2;0;2;0;2;0;0;0;0;0.0;0.0;2;363;0.0;67;0.0;0
1211;2020-02-27;Toscana;2;0;2;0;2;0;0;0;0;0.0;0.0;2;410;0.0;47;0.0;0
1212;2020-02-28;Toscana;5;0;5;2;7;5;6;1;0;0.0;0.0;8;437;0.0;27;0.0;0
1213;2020-02-29;Toscana;7;0;7;3;10;3;3;1;0;0.0;0.0;11;531;0.0;94;0.0;0
1214;2020-03-01;Toscana;7;0;7;5;12;2;2;1;0;0.0;0.0;13;572;0.0;41;0.0;0
1215;2020-03-02;Toscana;7;0;7;5;12;0;0;1;0;0.0;0.0;13;613;0.0;41;0.0;0
1216;2020-03-03;Toscana;10;0;10;8;18;6;6;1;0;0.0;0.0;19;697;0.0;84;0.0;0
1217;2020-03-04;Toscana;15;2;17;20;37;19;19;1;0;0.0;0.0;38;776;0.0;79;0.0;0
1218;2020-03-05;Toscana;26;3;29;31;60;23;23;1;0;0.0;0.0;61;776;0.0;0;0.0;0
1219;2020-03-06;Toscana;35;5;40;38;78;18;18;1;0;0.0;0.0;79;1097;0.0;321;0.0;0
1220;2020-03-07;Toscana;54;7;61;51;112;34;34;1;0;0.0;0.0;113;1331;0.0;234;0.0;0
1221;2020-03-08;Toscana;91;7;98;67;165;53;53;1;0;0.0;0.0;166;1618;0.0;287;0.0;0
1222;2020-03-09;Toscana;107;9;116;90;206;41;42;1;1;0.0;0.0;208;2018;0.0;400;0.0;1
1223;2020-03-10;Toscana;91;40;131;129;260;54;56;3;1;0.0;0.0;264;2573;0.0;555;0.0;0
1224;2020-03-11;Toscana;87;54;141;173;314;54;56;5;1;0.0;0.0;320;2804;0.0;231;0.0;0
1225;2020-03-12;Toscana;100;59;159;193;352;38;44;7;5;0.0;0.0;364;3165;0.0;361;0.0;4
1226;2020-03-13;Toscana;134;77;211;244;455;103;106;10;5;0.0;0.0;470;4049;0.0;884;0.0;0
1227;2020-03-14;Toscana;160;87;247;367;614;159;160;10;6;0.0;0.0;630;4595;0.0;546;0.0;1
1228;2020-03-15;Toscana;175;107;282;481;763;149;151;10;8;0.0;0.0;781;5132;0.0;537;0.0;2
1229;2020-03-16;Toscana;175;107;282;559;841;78;85;11;14;0.0;0.0;866;5910;0.0;778;0.0;6
1230;2020-03-17;Toscana;329;143;472;552;1024;183;187;12;17;0.0;0.0;1053;6727;0.0;817;0.0;3
1231;2020-03-18;Toscana;427;160;587;704;1291;267;277;17;22;0.0;0.0;1330;7606;0.0;879;0.0;5
1232;2020-03-19;Toscana;501;178;679;743;1422;131;152;22;38;0.0;0.0;1482;8873;0.0;1267;0.0;16
1233;2020-03-20;Toscana;601;189;790;923;1713;291;311;33;47;0.0;0.0;1793;10405;0.0;1532;0.0;9
1234;2020-03-21;Toscana;664;202;866;1039;1905;192;219;35;72;0.0;0.0;2012;11909;0.0;1504;0.0;25
1235;2020-03-22;Toscana;706;215;921;1223;2144;239;265;42;91;0.0;0.0;2277;13264;0.0;1355;0.0;19
1236;2020-03-23;Toscana;838;238;1076;1225;2301;157;184;51;109;0.0;0.0;2461;13851;0.0;587;0.0;18
1237;2020-03-24;Toscana;918;244;1162;1357;2519;218;238;51;129;0.0;0.0;2699;15701;0.0;1850;0.0;20
1238;2020-03-25;Toscana;999;251;1250;1526;2776;257;273;54;142;0.0;0.0;2972;17868;0.0;2167;0.0;13
1239;2020-03-26;Toscana;1037;259;1296;1677;2973;197;254;95;158;0.0;0.0;3226;20952;0.0;3084;0.0;16
1240;2020-03-27;Toscana;1053;274;1327;1843;3170;197;224;103;177;0.0;0.0;3450;23746;0.0;2794;0.0;19
1241;2020-03-28;Toscana;1093;277;1370;2141;3511;341;367;108;198;0.0;0.0;3817;25613;0.0;1867;0.0;21
1242;2020-03-29;Toscana;1111;275;1386;2400;3786;275;305;121;215;0.0;0.0;4122;27579;0.0;1966;0.0;17
1243;2020-03-30;Toscana;1116;279;1395;2655;4050;264;290;131;231;0.0;0.0;4412;30099;0.0;2520;0.0;16
1244;2020-03-31;Toscana;1120;293;1413;2813;4226;176;196;138;244;0.0;0.0;4608;33165;0.0;3066;0.0;13
1245;2020-04-01;Toscana;1120;297;1417;3015;4432;206;259;182;253;0.0;0.0;4867;36575;0.0;3410;0.0;9
1246;2020-04-02;Toscana;1135;295;1430;3359;4789;357;406;216;268;0.0;0.0;5273;40724;0.0;4149;0.0;15
1247;2020-04-03;Toscana;1149;288;1437;3472;4909;120;226;300;290;0.0;0.0;5499;44460;0.0;3736;0.0;22
1248;2020-04-04;Toscana;1129;286;1415;3639;5054;145;172;310;307;0.0;0.0;5671;47886;0.0;3426;0.0;17
1249;2020-04-05;Toscana;1111;276;1387;3798;5185;131;176;337;325;0.0;0.0;5847;51006;0.0;3120;0.0;18
1250;2020-04-06;Toscana;1116;279;1395;3906;5301;116;154;350;350;0.0;0.0;6001;52849;0.0;1843;0.0;25
1251;2020-04-07;Toscana;1087;263;1350;4077;5427;126;172;377;369;0.0;0.0;6173;56651;0.0;3802;0.0;19
1252;2020-04-08;Toscana;1066;260;1326;4231;5557;130;206;430;392;0.0;0.0;6379;60985;0.0;4334;0.0;23
1253;2020-04-09;Toscana;1038;256;1294;4409;5703;146;173;441;408;0.0;0.0;6552;65461;0.0;4476;0.0;16
1254;2020-04-10;Toscana;1011;256;1267;4555;5822;119;175;451;454;0.0;0.0;6727;72001;0.0;6540;0.0;46
1255;2020-04-11;Toscana;997;237;1234;4758;5992;170;231;499;467;0.0;0.0;6958;75756;0.0;3755;0.0;13
1256;2020-04-12;Toscana;983;238;1221;4941;6162;170;277;578;495;0.0;0.0;7235;78640;0.0;2884;0.0;28
1257;2020-04-13;Toscana;992;225;1217;5040;6257;95;155;615;518;0.0;0.0;7390;80889;0.0;2249;0.0;23
1258;2020-04-14;Toscana;1002;225;1227;5125;6352;95;137;637;538;0.0;0.0;7527;82269;0.0;1380;0.0;20
1259;2020-04-15;Toscana;977;216;1193;5224;6417;65;139;693;556;0.0;0.0;7666;86348;0.0;4079;0.0;18
1260;2020-04-16;Toscana;940;213;1153;5460;6613;196;277;745;585;0.0;0.0;7943;91651;0.0;5303;0.0;29
1261;2020-04-17;Toscana;898;207;1105;5478;6583;-30;167;925;602;0.0;0.0;8110;96231;0.0;4580;0.0;17
1262;2020-04-18;Toscana;883;198;1081;5389;6470;-113;127;1149;618;0.0;0.0;8237;99903;0.0;3672;0.0;16
1263;2020-04-19;Toscana;852;192;1044;5452;6496;26;135;1239;637;0.0;0.0;8372;103975;84620.0;4072;84620.0;19
1264;2020-04-20;Toscana;850;182;1032;5536;6568;72;135;1272;667;0.0;0.0;8507;105857;85946.0;1882;1326.0;30
1265;2020-04-21;Toscana;833;171;1004;5618;6622;54;96;1295;686;0.0;0.0;8603;109925;87717.0;4068;1771.0;19
1266;2020-04-22;Toscana;820;174;994;5173;6167;-455;97;1828;705;0.0;0.0;8700;114100;91747.0;4175;4030.0;19
1267;2020-04-23;Toscana;791;168;959;5212;6171;4;80;1886;723;0.0;0.0;8780;118177;94426.0;4077;2679.0;18
1268;2020-04-24;Toscana;738;159;897;5236;6133;-38;97;2002;742;0.0;0.0;8877;121336;96180.0;3159;1754.0;19
1269;2020-04-25;Toscana;687;166;853;5293;6146;13;138;2109;760;0.0;0.0;9015;125495;98753.0;4159;2573.0;18
1270;2020-04-26;Toscana;677;158;835;5234;6069;-77;132;2300;778;0.0;0.0;9147;127394;99751.0;1899;998.0;18
1271;2020-04-27;Toscana;671;154;825;5158;5983;-86;32;2401;795;0.0;0.0;9179;129048;100869.0;1654;1118.0;17
1272;2020-04-28;Toscana;619;144;763;5133;5896;-87;52;2524;811;0.0;0.0;9231;133617;103891.0;4569;3022.0;16
1273;2020-04-29;Toscana;576;139;715;4948;5663;-233;61;2802;827;0.0;0.0;9292;137482;106150.0;3865;2259.0;16
1274;2020-04-30;Toscana;546;126;672;4912;5584;-79;60;2926;842;0.0;0.0;9352;141849;108596.0;4367;2446.0;15
1275;2020-05-01;Toscana;520;124;644;4729;5373;-211;93;3218;854;0.0;0.0;9445;146456;111349.0;4607;2753.0;12
1276;2020-05-02;Toscana;519;118;637;4728;5365;-8;80;3297;863;0.0;0.0;9525;148223;112437.0;1767;1088.0;9
1277;2020-05-03;Toscana;513;112;625;4703;5328;-37;38;3363;872;0.0;0.0;9563;150914;114354.0;2691;1917.0;9
1278;2020-05-04;Toscana;512;107;619;4660;5279;-49;38;3441;881;0.0;0.0;9601;152447;115065.0;1533;711.0;9
1279;2020-05-05;Toscana;484;111;595;4595;5190;-89;30;3552;889;0.0;0.0;9631;157260;118265.0;4813;3200.0;8
1280;2020-05-06;Toscana;462;92;554;4534;5088;-102;26;3670;899;0.0;0.0;9657;161553;121066.0;4293;2801.0;10
1281;2020-05-07;Toscana;437;91;528;4188;4716;-372;26;4052;915;0.0;0.0;9683;166062;124295.0;4509;3229.0;16
1282;2020-05-08;Toscana;399;84;483;4109;4592;-124;38;4199;930;0.0;0.0;9721;170296;126752.0;4234;2457.0;15
1283;2020-05-09;Toscana;364;79;443;4005;4448;-144;24;4360;937;0.0;0.0;9745;174596;129382.0;4300;2630.0;7
1284;2020-05-10;Toscana;350;78;428;3719;4147;-301;29;4685;942;0.0;0.0;9774;178208;131788.0;3612;2406.0;5
1285;2020-05-11;Toscana;347;77;424;3649;4073;-74;13;4764;950;0.0;0.0;9787;179469;132464.0;1261;676.0;8
1286;2020-05-12;Toscana;307;72;379;3462;3841;-232;15;5002;959;0.0;0.0;9802;184851;136285.0;5382;3821.0;9
1287;2020-05-13;Toscana;284;72;356;3207;3563;-278;27;5302;964;0.0;0.0;9829;189026;138465.0;4175;2180.0;5
1288;2020-05-14;Toscana;269;68;337;3051;3388;-175;30;5498;973;0.0;0.0;9859;193182;141430.0;4156;2965.0;9
1289;2020-05-15;Toscana;238;67;305;2863;3168;-220;24;5739;976;0.0;0.0;9883;197365;144237.0;4183;2807.0;3
1290;2020-05-16;Toscana;234;66;300;2643;2943;-225;30;5991;979;0.0;0.0;9913;200703;145946.0;3338;1709.0;3
1291;2020-05-17;Toscana;214;67;281;2521;2802;-141;35;6162;984;0.0;0.0;9948;204022;148060.0;3319;2114.0;5
1292;2020-05-18;Toscana;197;66;263;2310;2573;-229;13;6399;989;0.0;0.0;9961;205201;148580.0;1179;520.0;5
1293;2020-05-19;Toscana;190;56;246;2077;2323;-250;7;6653;992;0.0;0.0;9968;209161;151093.0;3960;2513.0;3
1294;2020-05-20;Toscana;178;45;223;1894;2117;-206;14;6867;998;0.0;0.0;9982;214299;154671.0;5138;3578.0;6
1295;2020-05-21;Toscana;169;41;210;1667;1877;-240;18;7119;1004;0.0;0.0;10000;218615;157388.0;4316;2717.0;6
1296;2020-05-22;Toscana;162;42;204;1582;1786;-91;35;7240;1009;0.0;0.0;10035;222505;160266.0;3890;2878.0;5
1297;2020-05-23;Toscana;157;40;197;1569;1766;-20;12;7270;1011;0.0;0.0;10047;226046;162433.0;3541;2167.0;2
1298;2020-05-24;Toscana;148;38;186;1514;1700;-66;15;7349;1013;0.0;0.0;10062;229135;164469.0;3089;2036.0;2
1299;2020-05-25;Toscana;152;37;189;1447;1636;-64;5;7416;1015;0.0;0.0;10067;230273;165114.0;1138;645.0;2
1300;2020-05-26;Toscana;145;34;179;1343;1522;-114;3;7527;1021;0.0;0.0;10070;234796;168150.0;4523;3036.0;6
1301;2020-05-27;Toscana;132;31;163;1297;1460;-62;12;7595;1027;0.0;0.0;10082;238667;170802.0;3871;2652.0;6
1302;2020-05-28;Toscana;126;27;153;1227;1380;-80;4;7677;1029;0.0;0.0;10086;242687;173406.0;4020;2604.0;2
1303;2020-05-29;Toscana;111;31;142;1113;1255;-125;2;7802;1031;0.0;0.0;10088;246052;175489.0;3365;2083.0;2
1304;2020-05-30;Toscana;106;27;133;1033;1166;-89;12;7897;1037;0.0;0.0;10100;249441;177686.0;3389;2197.0;6
1305;2020-05-31;Toscana;97;28;125;986;1111;-55;4;7952;1041;0.0;0.0;10104;252090;179296.0;2649;1610.0;4
1306;2020-06-01;Toscana;85;25;110;972;1082;-29;3;7977;1048;0.0;0.0;10107;253845;180233.0;1755;937.0;7
1307;2020-06-02;Toscana;85;25;110;901;1011;-71;10;8053;1053;0.0;0.0;10117;257178;182335.0;3333;2102.0;5
1308;2020-06-03;Toscana;76;25;101;872;973;-38;4;8093;1055;0.0;0.0;10121;259167;183229.0;1989;894.0;2
1309;2020-06-04;Toscana;65;24;89;794;883;-90;1;8180;1059;0.0;0.0;10122;262762;186632.0;3595;3403.0;4
1310;2020-06-05;Toscana;55;23;78;779;857;-26;7;8209;1063;0.0;0.0;10129;266508;188882.0;3746;2250.0;4
1311;2020-06-06;Toscana;49;22;71;714;785;-72;5;8281;1068;0.0;0.0;10134;269298;190860.0;2790;1978.0;5
1312;2020-06-07;Toscana;52;20;72;678;750;-35;1;8315;1070;0.0;0.0;10135;272106;192675.0;2808;1815.0;2
1313;2020-06-08;Toscana;50;20;70;651;721;-29;9;8349;1074;0.0;0.0;10144;273706;193737.0;1600;1062.0;4
1314;2020-06-09;Toscana;46;17;63;565;628;-93;1;8440;1077;0.0;0.0;10145;277092;195695.0;3386;1958.0;3
1315;2020-06-10;Toscana;40;15;55;484;539;-89;3;8531;1078;0.0;0.0;10148;280491;198466.0;3399;2771.0;1
1316;2020-06-11;Toscana;42;15;57;464;521;-18;10;8558;1079;0.0;0.0;10158;283638;200500.0;3147;2034.0;1
1317;2020-06-12;Toscana;36;14;50;460;510;-11;7;8575;1080;0.0;0.0;10165;286693;202577.0;3055;2077.0;1
1318;2020-06-13;Toscana;33;16;49;453;502;-8;7;8588;1082;0.0;0.0;10172;289524;204513.0;2831;1936.0;2
1319;2020-06-14;Toscana;34;16;50;449;499;-3;8;8596;1085;0.0;0.0;10180;292101;206348.0;2577;1835.0;3
1320;2020-06-15;Toscana;31;16;47;442;489;-10;8;8611;1088;0.0;0.0;10188;293683;207371.0;1582;1023.0;3
1321;2020-06-16;Toscana;34;14;48;415;463;-26;3;8637;1091;0.0;0.0;10191;296812;209629.0;3129;2258.0;3
1322;2020-06-17;Toscana;33;14;47;397;444;-19;2;8657;1092;0.0;0.0;10193;300612;212090.0;3800;2461.0;1
1323;2020-06-18;Toscana;23;13;36;402;438;-6;2;8664;1093;0.0;0.0;10195;303786;213644.0;3174;1554.0;1
1324;2020-06-19;Toscana;18;12;30;393;423;-15;10;8687;1095;0.0;0.0;10205;306489;214853.0;2703;1209.0;2
1325;2020-06-20;Toscana;19;12;31;383;414;-9;2;8698;1095;0.0;0.0;10207;309250;215914.0;2761;1061.0;0
1326;2020-06-21;Toscana;19;9;28;337;365;-49;3;8750;1095;0.0;0.0;10210;311877;217330.0;2627;1416.0;0
1327;2020-06-22;Toscana;18;9;27;333;360;-5;1;8752;1099;0.0;0.0;10211;313455;218271.0;1578;941.0;4
1328;2020-06-23;Toscana;20;6;26;311;337;-23;6;8780;1100;0.0;0.0;10217;316933;219565.0;3478;1294.0;1
1329;2020-06-24;Toscana;26;5;31;299;330;-7;5;8791;1101;0.0;0.0;10222;320799;221190.0;3866;1625.0;1
1330;2020-06-25;Toscana;24;6;30;294;324;-6;2;8799;1101;10107.0;117.0;10224;323864;222294.0;3065;1104.0;0
1331;2020-06-26;Toscana;21;6;27;287;314;-10;2;8809;1103;10027.0;199.0;10226;326645;223804.0;2781;1510.0;2
1332;2020-06-27;Toscana;14;6;20;298;318;4;12;8817;1103;10039.0;199.0;10238;329865;225524.0;3220;1720.0;0
1333;2020-06-28;Toscana;16;6;22;301;323;5;5;8817;1103;10044.0;199.0;10243;332758;227034.0;2893;1510.0;0
1334;2020-06-29;Toscana;14;6;20;307;327;4;5;8817;1104;10049.0;199.0;10248;334198;228057.0;1440;1023.0;1
1335;2020-06-30;Toscana;17;6;23;306;329;2;2;8817;1104;10032.0;218.0;10250;337110;229809.0;2912;1752.0;0
1336;2020-07-01;Toscana;13;5;18;305;323;-6;4;8825;1106;10036.0;218.0;10254;341165;231407.0;4055;1598.0;2
1337;2020-07-02;Toscana;11;3;14;310;324;1;4;8825;1109;10040.0;218.0;10258;344383;232951.0;3218;1544.0;3
1338;2020-07-03;Toscana;13;3;16;307;323;-1;9;8832;1112;10049.0;218.0;10267;347127;234084.0;2744;1133.0;3
1339;2020-07-04;Toscana;11;2;13;311;324;1;9;8838;1114;10058.0;218.0;10276;349745;235764.0;2618;1680.0;2
1340;2020-07-05;Toscana;12;2;14;316;330;6;9;8841;1114;10065.0;220.0;10285;352549;237344.0;2804;1580.0;0
1341;2020-07-06;Toscana;12;2;14;318;332;2;2;8841;1114;10067.0;220.0;10287;353862;238175.0;1313;831.0;0
1342;2020-07-07;Toscana;12;1;13;326;339;7;19;8851;1116;10086.0;220.0;10306;356547;239793.0;2685;1618.0;2
1343;2020-07-08;Toscana;12;2;14;327;341;2;7;8854;1118;10092.0;221.0;10313;360262;242041.0;3715;2248.0;2
1344;2020-07-09;Toscana;11;2;13;324;337;-4;1;8857;1120;10093.0;221.0;10314;363333;243990.0;3071;1949.0;2
1345;2020-07-10;Toscana;9;2;11;319;330;-7;2;8865;1121;10095.0;221.0;10316;366018;245794.0;2685;1804.0;1
1346;2020-07-11;Toscana;7;3;10;320;330;0;5;8869;1122;10100.0;221.0;10321;368488;247347.0;2470;1553.0;1
1347;2020-07-12;Toscana;8;3;11;320;331;1;1;8869;1122;10101.0;221.0;10322;371272;249202.0;2784;1855.0;0
1348;2020-07-13;Toscana;7;3;10;325;335;4;4;8869;1122;10105.0;221.0;10326;372853;250093.0;1581;891.0;0
1349;2020-07-14;Toscana;8;2;10;301;311;-24;4;8894;1125;10107.0;223.0;10330;375745;251778.0;2892;1685.0;3
1350;2020-07-15;Toscana;9;3;12;301;313;2;8;8898;1127;10114.0;224.0;10338;379196;254060.0;3451;2282.0;2
1351;2020-07-16;Toscana;12;2;14;301;315;2;12;8908;1127;10125.0;225.0;10350;382160;255850.0;2964;1790.0;0
1352;2020-07-17;Toscana;12;1;13;305;318;3;6;8909;1129;10130.0;226.0;10356;384826;257616.0;2666;1766.0;2
1353;2020-07-18;Toscana;12;1;13;301;314;-4;2;8915;1129;10132.0;226.0;10358;387885;259442.0;3059;1826.0;0
1354;2020-07-19;Toscana;12;0;12;313;325;11;16;8920;1129;10147.0;227.0;10374;390676;261174.0;2791;1732.0;0
1355;2020-07-20;Toscana;10;0;10;314;324;-1;1;8921;1130;10148.0;227.0;10375;391998;261958.0;1322;784.0;1
1356;2020-07-21;Toscana;11;1;12;314;326;2;9;8927;1131;10157.0;227.0;10384;395061;263474.0;3063;1516.0;1
1357;2020-07-22;Toscana;12;1;13;319;332;6;6;8927;1131;10162.0;228.0;10390;398693;266008.0;3632;2534.0;0
1358;2020-07-23;Toscana;14;1;15;313;328;-4;4;8935;1131;10166.0;228.0;10394;401479;267719.0;2786;1711.0;0
1359;2020-02-24;Puglia;0;0;0;0;0;0;0;0;0;0.0;0.0;0;0;0.0;0;0.0;0
1360;2020-02-25;Puglia;0;0;0;0;0;0;0;0;0;0.0;0.0;0;0;0.0;0;0.0;0
1361;2020-02-26;Puglia;0;0;0;0;0;0;0;0;0;0.0;0.0;0;0;0.0;0;0.0;0
1362;2020-02-27;Puglia;1;0;1;0;1;1;1;0;0;0.0;0.0;1;0;0.0;0;0.0;0
1363;2020-02-28;Puglia;1;0;1;2;3;2;2;0;0;0.0;0.0;3;242;0.0;242;0.0;0
1364;2020-02-29;Puglia;1;0;1;2;3;0;0;0;0;0.0;0.0;3;252;0.0;10;0.0;0
1365;2020-03-01;Puglia;1;0;1;2;3;0;0;0;0;0.0;0.0;3;262;0.0;10;0.0;0
1366;2020-03-02;Puglia;2;0;2;2;4;1;1;0;0;0.0;0.0;4;278;0.0;16;0.0;0
1367;2020-03-03;Puglia;2;0;2;4;6;2;2;0;0;0.0;0.0;6;298;0.0;20;0.0;0
1368;2020-03-04;Puglia;4;0;4;3;7;1;3;1;1;0.0;0.0;9;322;0.0;24;0.0;1
1369;2020-03-05;Puglia;5;1;6;6;12;5;5;1;1;0.0;0.0;14;359;0.0;37;0.0;0
1370;2020-03-06;Puglia;5;1;6;9;15;3;3;1;1;0.0;0.0;17;395;0.0;36;0.0;0
1371;2020-03-07;Puglia;9;2;11;12;23;8;9;1;2;0.0;0.0;26;395;0.0;0;0.0;1
1372;2020-03-08;Puglia;17;3;20;16;36;13;14;1;3;0.0;0.0;40;627;0.0;232;0.0;1
1373;2020-03-09;Puglia;20;6;26;20;46;10;10;1;3;0.0;0.0;50;685;0.0;58;0.0;0
1374;2020-03-10;Puglia;28;6;34;21;55;9;9;1;3;0.0;0.0;59;747;0.0;62;0.0;0
1375;2020-03-11;Puglia;38;4;42;29;71;16;18;1;5;0.0;0.0;77;909;0.0;162;0.0;2
1376;2020-03-12;Puglia;58;2;60;38;98;27;27;1;5;0.0;0.0;104;1269;0.0;360;0.0;0
1377;2020-03-13;Puglia;77;2;79;42;121;23;25;3;5;0.0;0.0;129;1449;0.0;180;0.0;0
1378;2020-03-14;Puglia;91;6;97;59;156;35;37;2;8;0.0;0.0;166;1681;0.0;232;0.0;3
1379;2020-03-15;Puglia;116;6;122;90;212;56;64;2;16;0.0;0.0;230;2017;0.0;336;0.0;8
1380;2020-03-16;Puglia;116;6;122;90;212;0;0;2;16;0.0;0.0;230;2017;0.0;0;0.0;0
1381;2020-03-17;Puglia;155;14;169;151;320;108;110;2;18;0.0;0.0;340;3077;0.0;1060;0.0;2
1382;2020-03-18;Puglia;156;30;186;176;362;42;43;2;19;0.0;0.0;383;3433;0.0;356;0.0;1
1383;2020-03-19;Puglia;173;31;204;245;449;87;95;4;25;0.0;0.0;478;4046;0.0;613;0.0;6
1384;2020-03-20;Puglia;191;31;222;329;551;102;103;4;26;0.0;0.0;581;4789;0.0;743;0.0;1
1385;2020-03-21;Puglia;209;33;242;400;642;91;94;4;29;0.0;0.0;675;5617;0.0;828;0.0;3
1386;2020-03-22;Puglia;252;37;289;459;748;106;111;7;31;0.0;0.0;786;6160;0.0;543;0.0;2
1387;2020-03-23;Puglia;285;45;330;532;862;114;120;7;37;0.0;0.0;906;6761;0.0;601;0.0;6
1388;2020-03-24;Puglia;317;57;374;566;940;78;99;21;44;0.0;0.0;1005;7345;0.0;584;0.0;7
1389;2020-03-25;Puglia;349;64;413;610;1023;83;88;22;48;0.0;0.0;1093;8223;0.0;878;0.0;4
1390;2020-03-26;Puglia;480;76;556;539;1095;72;89;22;65;0.0;0.0;1182;9191;0.0;968;0.0;17
1391;2020-03-27;Puglia;530;82;612;624;1236;141;152;29;69;0.0;0.0;1334;10233;0.0;1042;0.0;4
1392;2020-03-28;Puglia;563;98;661;697;1358;122;124;29;71;0.0;0.0;1458;11500;0.0;1267;0.0;2
1393;2020-03-29;Puglia;559;99;658;774;1432;74;91;31;86;0.0;0.0;1549;12361;0.0;861;0.0;15
1394;2020-03-30;Puglia;590;106;696;889;1585;153;163;36;91;0.0;0.0;1712;13117;0.0;756;0.0;5
1395;2020-03-31;Puglia;609;105;714;940;1654;69;91;39;110;0.0;0.0;1803;14073;0.0;956;0.0;19
1396;2020-04-01;Puglia;637;107;744;1012;1756;102;143;61;129;0.0;0.0;1946;15209;0.0;1136;0.0;19
1397;2020-04-02;Puglia;645;118;763;1101;1864;108;131;69;144;0.0;0.0;2077;16554;0.0;1345;0.0;15
1398;2020-04-03;Puglia;648;123;771;1178;1949;85;105;69;164;0.0;0.0;2182;17924;0.0;1370;0.0;20
1399;2020-04-04;Puglia;627;153;780;1193;1973;24;58;94;173;0.0;0.0;2240;18977;0.0;1053;0.0;9
1400;2020-04-05;Puglia;574;159;733;1289;2022;49;77;113;182;0.0;0.0;2317;20080;0.0;1103;0.0;9
1401;2020-04-06;Puglia;625;97;722;1393;2115;93;127;134;195;0.0;0.0;2444;22059;0.0;1979;0.0;13
1402;2020-04-07;Puglia;615;93;708;1429;2137;22;70;168;209;0.0;0.0;2514;23149;0.0;1090;0.0;14
1403;2020-04-08;Puglia;639;90;729;1509;2238;101;120;177;219;0.0;0.0;2634;24493;0.0;1344;0.0;10
1404;2020-04-09;Puglia;630;86;716;1585;2301;63;82;190;225;0.0;0.0;2716;26088;0.0;1595;0.0;6
1405;2020-04-10;Puglia;631;80;711;1625;2336;35;93;235;238;0.0;0.0;2809;27812;0.0;1724;0.0;13
1406;2020-04-11;Puglia;627;73;700;1702;2402;66;95;249;253;0.0;0.0;2904;29463;0.0;1651;0.0;15
1407;2020-04-12;Puglia;609;71;680;1772;2452;50;85;277;260;0.0;0.0;2989;30973;0.0;1510;0.0;7
1408;2020-04-13;Puglia;600;71;671;1841;2512;60;76;286;267;0.0;0.0;3065;31922;0.0;949;0.0;7
1409;2020-04-14;Puglia;611;62;673;1879;2552;40;53;288;278;0.0;0.0;3118;33071;0.0;1149;0.0;11
1410;2020-04-15;Puglia;592;73;665;1908;2573;21;66;323;288;0.0;0.0;3184;34518;0.0;1447;0.0;10
1411;2020-04-16;Puglia;603;58;661;1964;2625;52;74;334;299;0.0;0.0;3258;36158;0.0;1640;0.0;11
1412;2020-04-17;Puglia;590;62;652;2004;2656;31;69;364;307;0.0;0.0;3327;38278;0.0;2120;0.0;8
1413;2020-04-18;Puglia;594;60;654;2040;2694;38;82;401;314;0.0;0.0;3409;40423;0.0;2145;0.0;7
1414;2020-04-19;Puglia;590;60;650;2136;2786;92;120;427;316;0.0;0.0;3529;42598;41580.0;2175;41580.0;2
1415;2020-04-20;Puglia;584;66;650;2160;2810;24;38;431;326;0.0;0.0;3567;44189;43119.0;1591;1539.0;10
1416;2020-04-21;Puglia;569;65;634;2178;2812;2;55;459;351;0.0;0.0;3622;45984;44760.0;1795;1641.0;25
1417;2020-04-22;Puglia;564;60;624;2250;2874;62;108;494;362;0.0;0.0;3730;48342;46925.0;2358;2165.0;11
1418;2020-04-23;Puglia;536;55;591;2345;2936;62;109;531;372;0.0;0.0;3839;50410;49403.0;2068;2478.0;10
1419;2020-04-24;Puglia;496;51;547;2386;2933;-3;42;565;383;0.0;0.0;3881;52472;51517.0;2062;2114.0;11
1420;2020-04-25;Puglia;469;48;517;2402;2919;-14;31;602;391;0.0;0.0;3912;54628;53500.0;2156;1983.0;8
1421;2020-04-26;Puglia;464;48;512;2425;2937;18;36;612;399;0.0;0.0;3948;55992;55397.0;1364;1897.0;8
1422;2020-04-27;Puglia;449;51;500;2412;2912;-25;10;641;405;0.0;0.0;3958;56976;55897.0;984;500.0;6
1423;2020-04-28;Puglia;448;51;499;2420;2919;7;22;654;407;0.0;0.0;3980;58496;57574.0;1520;1677.0;2
1424;2020-04-29;Puglia;449;47;496;2431;2927;8;49;692;410;0.0;0.0;4029;60334;59801.0;1838;2227.0;3
1425;2020-04-30;Puglia;439;42;481;2468;2949;22;43;708;415;0.0;0.0;4072;62460;61439.0;2126;1638.0;5
1426;2020-05-01;Puglia;428;39;467;2480;2947;-2;27;731;421;0.0;0.0;4099;64292;62702.0;1832;1263.0;6
1427;2020-05-02;Puglia;416;39;455;2499;2954;7;34;757;422;0.0;0.0;4133;65370;63782.0;1078;1080.0;1
1428;2020-05-03;Puglia;410;40;450;2505;2955;1;11;765;424;0.0;0.0;4144;66443;64781.0;1073;999.0;2
1429;2020-05-04;Puglia;397;39;436;2509;2945;-10;9;779;429;0.0;0.0;4153;67167;65789.0;724;1008.0;5
1430;2020-05-05;Puglia;384;39;423;2516;2939;-6;17;798;433;0.0;0.0;4170;69128;67238.0;1961;1449.0;4
1431;2020-05-06;Puglia;365;36;401;2502;2903;-36;26;855;438;0.0;0.0;4196;70944;68760.0;1816;1522.0;5
1432;2020-05-07;Puglia;355;35;390;2410;2800;-103;49;1004;441;0.0;0.0;4245;72796;51638.0;1852;-17122.0;3
1433;2020-05-08;Puglia;349;33;382;2351;2733;-67;11;1080;443;0.0;0.0;4256;74724;53194.0;1928;1556.0;2
1434;2020-05-09;Puglia;344;33;377;2352;2729;-4;30;1114;443;0.0;0.0;4286;76643;54181.0;1919;987.0;0
1435;2020-05-10;Puglia;343;34;377;2292;2669;-60;27;1196;448;0.0;0.0;4313;78399;54781.0;1756;600.0;5
1436;2020-05-11;Puglia;340;32;372;2172;2544;-125;14;1332;451;0.0;0.0;4327;79737;55794.0;1338;1013.0;3
1437;2020-05-12;Puglia;334;31;365;2056;2421;-123;10;1460;456;0.0;0.0;4337;81492;57060.0;1755;1266.0;5
1438;2020-05-13;Puglia;310;27;337;1985;2322;-99;11;1566;460;0.0;0.0;4348;83713;58383.0;2221;1323.0;4
1439;2020-05-14;Puglia;296;24;320;1933;2253;-69;9;1643;461;0.0;0.0;4357;85577;59815.0;1864;1432.0;1
1440;2020-05-15;Puglia;285;23;308;1873;2181;-72;9;1724;461;0.0;0.0;4366;87687;60613.0;2110;798.0;0
1441;2020-05-16;Puglia;272;22;294;1810;2104;-77;8;1807;463;0.0;0.0;4374;89611;61942.0;1924;1329.0;2
1442;2020-05-17;Puglia;263;21;284;1733;2017;-87;5;1892;470;0.0;0.0;4379;91035;62886.0;1424;944.0;7
1443;2020-05-18;Puglia;254;22;276;1719;1995;-22;7;1920;471;0.0;0.0;4386;91901;63403.0;866;517.0;1
1444;2020-05-19;Puglia;247;22;269;1672;1941;-54;10;1982;473;0.0;0.0;4396;93834;64779.0;1933;1376.0;2
1445;2020-05-20;Puglia;242;21;263;1639;1902;-39;11;2027;478;0.0;0.0;4407;95895;66164.0;2061;1385.0;5
1446;2020-05-21;Puglia;236;20;256;1583;1839;-63;6;2096;478;0.0;0.0;4413;97589;67562.0;1694;1398.0;0
1447;2020-05-22;Puglia;233;17;250;1588;1838;-1;27;2120;482;0.0;0.0;4440;99702;67562.0;2113;0.0;4
1448;2020-05-23;Puglia;215;17;232;1573;1805;-33;8;2157;486;0.0;0.0;4448;101738;68485.0;2036;923.0;4
1449;2020-05-24;Puglia;204;17;221;1572;1793;-12;10;2178;487;0.0;0.0;4458;103570;71032.0;1832;2547.0;1
1450;2020-05-25;Puglia;190;15;205;1473;1678;-115;9;2298;491;0.0;0.0;4467;104670;72042.0;1100;1010.0;4
1451;2020-05-26;Puglia;172;17;189;1350;1539;-139;2;2436;494;0.0;0.0;4469;106873;73226.0;2203;1184.0;3
1452;2020-05-27;Puglia;170;17;187;1326;1513;-26;10;2471;495;0.0;0.0;4479;109499;74686.0;2626;1460.0;1
1453;2020-05-28;Puglia;164;16;180;1215;1395;-118;2;2590;496;0.0;0.0;4481;111946;75959.0;2447;1273.0;1
1454;2020-05-29;Puglia;158;12;170;1113;1283;-112;1;2699;500;0.0;0.0;4482;114588;77211.0;2642;1252.0;4
1455;2020-05-30;Puglia;150;12;162;1060;1222;-61;8;2768;500;0.0;0.0;4490;116765;78458.0;2177;1247.0;0
1456;2020-05-31;Puglia;143;11;154;1023;1177;-45;4;2813;504;0.0;0.0;4494;118652;79314.0;1887;856.0;4
1457;2020-06-01;Puglia;140;11;151;1004;1155;-22;4;2837;506;0.0;0.0;4498;119650;80390.0;998;1076.0;2
1458;2020-06-02;Puglia;134;11;145;906;1051;-104;0;2939;508;0.0;0.0;4498;121460;81372.0;1810;982.0;2
1459;2020-06-03;Puglia;131;10;141;895;1036;-15;1;2952;511;0.0;0.0;4499;122506;82041.0;1046;669.0;3
1460;2020-06-04;Puglia;131;9;140;827;967;-69;4;3022;514;0.0;0.0;4503;125049;83870.0;2543;1829.0;3
1461;2020-06-05;Puglia;111;5;116;730;846;-121;4;3140;521;0.0;0.0;4507;127520;85007.0;2471;1137.0;7
1462;2020-06-06;Puglia;109;4;113;645;758;-88;4;3231;522;0.0;0.0;4511;129898;86405.0;2378;1398.0;1
1463;2020-06-07;Puglia;96;4;100;633;733;-25;0;3253;525;0.0;0.0;4511;131931;86405.0;2033;0.0;3
1464;2020-06-08;Puglia;94;4;98;600;698;-35;1;3289;525;0.0;0.0;4512;133164;88228.0;1233;1823.0;0
1465;2020-06-09;Puglia;76;5;81;532;613;-85;0;3373;526;0.0;0.0;4512;135625;90248.0;2461;2020.0;1
1466;2020-06-10;Puglia;71;4;75;482;557;-56;0;3426;529;0.0;0.0;4512;138377;91918.0;2752;1670.0;3
1467;2020-06-11;Puglia;65;3;68;399;467;-90;1;3516;530;0.0;0.0;4513;141322;93130.0;2945;1212.0;1
1468;2020-06-12;Puglia;61;2;63;376;439;-28;2;3544;532;0.0;0.0;4515;143844;94456.0;2522;1326.0;2
1469;2020-06-13;Puglia;60;2;62;360;422;-17;0;3561;532;0.0;0.0;4515;145905;96053.0;2061;1597.0;0
1470;2020-06-14;Puglia;57;2;59;359;418;-4;0;3565;532;0.0;0.0;4515;147249;96820.0;1344;767.0;0
1471;2020-06-15;Puglia;56;2;58;352;410;-8;1;3572;534;0.0;0.0;4516;148627;97877.0;1378;1057.0;2
1472;2020-06-16;Puglia;48;2;50;303;353;-57;0;3628;535;0.0;0.0;4516;151482;99985.0;2855;2108.0;1
1473;2020-06-17;Puglia;46;2;48;276;324;-29;0;3656;536;0.0;0.0;4516;154143;101350.0;2661;1365.0;1
1474;2020-06-18;Puglia;34;1;35;271;306;-18;3;3675;538;0.0;0.0;4519;156582;103148.0;2439;1798.0;2
1475;2020-06-19;Puglia;31;1;32;223;255;-51;1;3727;538;0.0;0.0;4520;158828;104225.0;2246;1077.0;0
1476;2020-06-20;Puglia;32;1;33;187;220;-35;5;3765;540;0.0;0.0;4525;160662;105780.0;1834;1555.0;2
1477;2020-06-21;Puglia;32;1;33;189;222;2;2;3765;540;0.0;0.0;4527;161902;106637.0;1240;857.0;0
1478;2020-06-22;Puglia;33;0;33;185;218;-4;0;3769;540;0.0;0.0;4527;162940;107702.0;1038;1065.0;0
1479;2020-06-23;Puglia;32;0;32;158;190;-28;2;3797;542;0.0;0.0;4529;165598;109358.0;2658;1656.0;2
1480;2020-06-24;Puglia;29;0;29;148;177;-13;0;3809;543;0.0;0.0;4529;168388;111420.0;2790;2062.0;1
1481;2020-06-25;Puglia;27;0;27;146;173;-4;1;3814;543;2443.0;2087.0;4530;170284;112532.0;1896;1112.0;0
1482;2020-06-26;Puglia;27;0;27;126;153;-20;1;3835;543;2308.0;2223.0;4531;171968;113789.0;1684;1257.0;0
1483;2020-06-27;Puglia;27;0;27;120;147;-6;0;3841;543;2258.0;2273.0;4531;173422;115265.0;1454;1476.0;0
1484;2020-06-28;Puglia;27;0;27;119;146;-1;0;3842;543;2258.0;2273.0;4531;174968;116126.0;1546;861.0;0
1485;2020-06-29;Puglia;28;0;28;117;145;-1;0;3843;543;2241.0;2290.0;4531;175811;117104.0;843;978.0;0
1486;2020-06-30;Puglia;25;0;25;104;129;-16;0;3857;545;2173.0;2358.0;4531;178251;118741.0;2440;1637.0;2
1487;2020-07-01;Puglia;24;0;24;88;112;-17;0;3873;545;2159.0;2371.0;4530;180664;120651.0;2413;1910.0;0
1488;2020-07-02;Puglia;24;0;24;85;109;-3;0;3876;545;2154.0;2376.0;4530;182713;122302.0;2049;1651.0;0
1489;2020-07-03;Puglia;21;0;21;88;109;0;3;3879;545;2152.0;2381.0;4533;184749;123414.0;2036;1112.0;0
1490;2020-07-04;Puglia;21;0;21;90;111;2;3;3880;545;2143.0;2393.0;4536;186569;125029.0;1820;1615.0;0
1491;2020-07-05;Puglia;20;0;20;90;110;-1;0;3881;545;2142.0;2394.0;4536;188242;125961.0;1673;932.0;0
1492;2020-07-06;Puglia;18;0;18;75;93;-17;0;3898;545;2123.0;2413.0;4536;188969;127514.0;727;1553.0;0
1493;2020-07-07;Puglia;12;0;12;67;79;-14;0;3910;546;2108.0;2427.0;4535;191319;128899.0;2350;1385.0;1
1494;2020-07-08;Puglia;14;0;14;64;78;-1;1;3912;546;2082.0;2454.0;4536;193757;130637.0;2438;1738.0;0
1495;2020-07-09;Puglia;14;0;14;60;74;-4;0;3916;546;2082.0;2454.0;4536;196070;132160.0;2313;1523.0;0
1496;2020-07-10;Puglia;13;0;13;59;72;-2;4;3922;546;2084.0;2456.0;4540;198088;134139.0;2018;1979.0;0
1497;2020-07-11;Puglia;12;0;12;59;71;-1;1;3924;546;2076.0;2465.0;4541;199805;135169.0;1717;1030.0;0
1498;2020-07-12;Puglia;12;0;12;59;71;0;0;3924;546;2076.0;2465.0;4541;201419;136109.0;1614;940.0;0
1499;2020-07-13;Puglia;10;0;10;58;68;-3;0;3926;547;2056.0;2485.0;4541;202256;137079.0;837;970.0;1
1500;2020-07-14;Puglia;10;0;10;58;68;0;0;3926;547;2052.0;2489.0;4541;204917;138661.0;2661;1582.0;0
1501;2020-07-15;Puglia;10;0;10;58;68;0;0;3926;547;2051.0;2490.0;4541;207413;140603.0;2496;1942.0;0
1502;2020-07-16;Puglia;11;0;11;57;68;0;1;3926;548;2051.0;2491.0;4542;210124;142396.0;2711;1793.0;1
1503;2020-07-17;Puglia;12;0;12;58;70;2;5;3929;548;2053.0;2494.0;4547;211843;144093.0;1719;1697.0;0
1504;2020-07-18;Puglia;14;0;14;58;72;2;3;3930;548;2054.0;2496.0;4550;213873;145802.0;2030;1709.0;0
1505;2020-07-19;Puglia;14;0;14;65;79;7;7;3930;548;2056.0;2501.0;4557;215649;146774.0;1776;972.0;0
1506;2020-07-20;Puglia;14;0;14;65;79;0;0;3930;548;2054.0;2503.0;4557;216402;147702.0;753;928.0;0
1507;2020-07-21;Puglia;11;0;11;49;60;-19;0;3948;548;2049.0;2507.0;4556;218910;149713.0;2508;2011.0;0
1508;2020-07-22;Puglia;11;0;11;45;56;-4;0;3952;548;2032.0;2524.0;4556;221331;151624.0;2421;1911.0;0
1509;2020-07-23;Puglia;11;0;11;53;64;8;9;3953;548;2014.0;2551.0;4565;223789;153199.0;2458;1575.0;0
1510;2020-02-24;Sicilia;0;0;0;0;0;0;0;0;0;0.0;0.0;0;5;0.0;5;0.0;0
1511;2020-02-25;Sicilia;1;0;1;2;3;3;3;0;0;0.0;0.0;3;5;0.0;0;0.0;0
1512;2020-02-26;Sicilia;1;0;1;2;3;0;0;0;0;0.0;0.0;3;5;0.0;0;0.0;0
1513;2020-02-27;Sicilia;1;0;1;1;2;-1;1;2;0;0.0;0.0;4;5;0.0;0;0.0;0
1514;2020-02-28;Sicilia;1;0;1;1;2;0;0;2;0;0.0;0.0;4;5;0.0;0;0.0;0
1515;2020-02-29;Sicilia;1;0;1;1;2;0;0;2;0;0.0;0.0;4;6;0.0;1;0.0;0
1516;2020-03-01;Sicilia;1;0;1;6;7;5;5;2;0;0.0;0.0;9;291;0.0;285;0.0;0
1517;2020-03-02;Sicilia;2;0;2;3;5;-2;-2;2;0;0.0;0.0;7;307;0.0;16;0.0;0
1518;2020-03-03;Sicilia;2;0;2;3;5;0;0;2;0;0.0;0.0;7;307;0.0;0;0.0;0
1519;2020-03-04;Sicilia;5;0;5;11;16;11;11;2;0;0.0;0.0;18;367;0.0;60;0.0;0
1520;2020-03-05;Sicilia;5;0;5;11;16;0;0;2;0;0.0;0.0;18;367;0.0;0;0.0;0
1521;2020-03-06;Sicilia;7;0;7;15;22;6;6;2;0;0.0;0.0;24;367;0.0;0;0.0;0
1522;2020-03-07;Sicilia;8;0;8;25;33;11;11;2;0;0.0;0.0;35;643;0.0;276;0.0;0
1523;2020-03-08;Sicilia;18;0;18;33;51;18;18;2;0;0.0;0.0;53;791;0.0;148;0.0;0
1524;2020-03-09;Sicilia;19;0;19;33;52;1;1;2;0;0.0;0.0;54;836;0.0;45;0.0;0
1525;2020-03-10;Sicilia;17;2;19;41;60;8;8;2;0;0.0;0.0;62;955;0.0;119;0.0;0
1526;2020-03-11;Sicilia;23;1;24;57;81;21;21;2;0;0.0;0.0;83;1194;0.0;239;0.0;0
1527;2020-03-12;Sicilia;28;5;33;78;111;30;32;2;2;0.0;0.0;115;1477;0.0;283;0.0;2
1528;2020-03-13;Sicilia;37;7;44;82;126;15;15;2;2;0.0;0.0;130;1950;0.0;473;0.0;0
1529;2020-03-14;Sicilia;42;11;53;97;150;24;26;4;2;0.0;0.0;156;2100;0.0;150;0.0;0
1530;2020-03-15;Sicilia;56;15;71;108;179;29;32;7;2;0.0;0.0;188;2452;0.0;352;0.0;0
1531;2020-03-16;Sicilia;75;20;95;108;203;24;25;8;2;0.0;0.0;213;2653;0.0;201;0.0;0
1532;2020-03-17;Sicilia;86;28;114;112;226;23;24;8;3;0.0;0.0;237;2916;0.0;263;0.0;1
1533;2020-03-18;Sicilia;100;29;129;138;267;41;45;12;3;0.0;0.0;282;3294;0.0;378;0.0;0
1534;2020-03-19;Sicilia;143;36;179;142;321;54;58;15;4;0.0;0.0;340;3961;0.0;667;0.0;1
1535;2020-03-20;Sicilia;168;42;210;169;379;58;68;25;4;0.0;0.0;408;4468;0.0;507;0.0;0
1536;2020-03-21;Sicilia;206;48;254;204;458;79;82;26;6;0.0;0.0;490;4883;0.0;415;0.0;2
1537;2020-03-22;Sicilia;220;55;275;321;596;138;140;26;8;0.0;0.0;630;5580;0.0;697;0.0;2
1538;2020-03-23;Sicilia;250;60;310;371;681;85;91;27;13;0.0;0.0;721;6375;0.0;795;0.0;5
1539;2020-03-24;Sicilia;250;60;310;489;799;118;125;27;20;0.0;0.0;846;7170;0.0;795;0.0;7
1540;2020-03-25;Sicilia;259;80;339;597;936;137;148;33;25;0.0;0.0;994;8312;0.0;1142;0.0;5
1541;2020-03-26;Sicilia;346;68;414;681;1095;159;170;36;33;0.0;0.0;1164;9658;0.0;1346;0.0;8
1542;2020-03-27;Sicilia;425;75;500;658;1158;63;86;53;39;0.0;0.0;1250;11079;0.0;1421;0.0;6
1543;2020-03-28;Sicilia;441;71;512;730;1242;84;109;60;57;0.0;0.0;1359;13096;0.0;2017;0.0;18
1544;2020-03-29;Sicilia;451;71;522;808;1330;88;101;65;65;0.0;0.0;1460;13814;0.0;718;0.0;8
1545;2020-03-30;Sicilia;484;75;559;849;1408;78;95;71;76;0.0;0.0;1555;14758;0.0;944;0.0;11
1546;2020-03-31;Sicilia;503;72;575;917;1492;84;92;74;81;0.0;0.0;1647;15634;0.0;876;0.0;5
1547;2020-04-01;Sicilia;496;72;568;976;1544;52;71;86;88;0.0;0.0;1718;16836;0.0;1202;0.0;7
1548;2020-04-02;Sicilia;503;73;576;1030;1606;62;73;92;93;0.0;0.0;1791;17833;0.0;997;0.0;5
1549;2020-04-03;Sicilia;535;73;608;1056;1664;58;68;94;101;0.0;0.0;1859;18686;0.0;853;0.0;8
1550;2020-04-04;Sicilia;553;74;627;1099;1726;62;73;95;111;0.0;0.0;1932;19896;0.0;1210;0.0;10
1551;2020-04-05;Sicilia;556;76;632;1142;1774;48;62;104;116;0.0;0.0;1994;21904;0.0;2008;0.0;5
1552;2020-04-06;Sicilia;563;74;637;1178;1815;41;52;108;123;0.0;0.0;2046;23464;0.0;1560;0.0;7
1553;2020-04-07;Sicilia;562;73;635;1224;1859;44;51;113;125;0.0;0.0;2097;24857;0.0;1393;0.0;2
1554;2020-04-08;Sicilia;563;65;628;1265;1893;34;62;133;133;0.0;0.0;2159;27438;0.0;2581;0.0;8
1555;2020-04-09;Sicilia;566;63;629;1313;1942;49;73;152;138;0.0;0.0;2232;28742;0.0;1304;0.0;5
1556;2020-04-10;Sicilia;568;62;630;1337;1967;25;70;187;148;0.0;0.0;2302;31156;0.0;2414;0.0;10
1557;2020-04-11;Sicilia;562;58;620;1381;2001;34;62;209;154;0.0;0.0;2364;33787;0.0;2631;0.0;6
1558;2020-04-12;Sicilia;552;53;605;1425;2030;29;52;223;163;0.0;0.0;2416;36098;0.0;2311;0.0;9
1559;2020-04-13;Sicilia;554;51;605;1445;2050;20;42;237;171;0.0;0.0;2458;37311;0.0;1213;0.0;8
1560;2020-04-14;Sicilia;552;53;605;1466;2071;21;43;255;175;0.0;0.0;2501;37877;0.0;566;0.0;4
1561;2020-04-15;Sicilia;541;49;590;1491;2081;10;34;273;181;0.0;0.0;2535;39867;0.0;1990;0.0;6
1562;2020-04-16;Sicilia;525;48;573;1535;2108;27;44;284;187;0.0;0.0;2579;42405;0.0;2538;0.0;6
1563;2020-04-17;Sicilia;521;46;567;1572;2139;31;46;296;190;0.0;0.0;2625;45172;0.0;2767;0.0;3
1564;2020-04-18;Sicilia;526;42;568;1603;2171;32;47;305;196;0.0;0.0;2672;47715;0.0;2543;0.0;6
1565;2020-04-19;Sicilia;522;41;563;1639;2202;31;45;315;200;0.0;0.0;2717;49772;49772.0;2057;49772.0;4
1566;2020-04-20;Sicilia;526;39;565;1645;2210;8;42;346;203;0.0;0.0;2759;51373;51373.0;1601;1601.0;3
1567;2020-04-21;Sicilia;514;37;551;1708;2259;49;76;370;206;0.0;0.0;2835;55093;55093.0;3720;3720.0;3
1568;2020-04-22;Sicilia;500;35;535;1752;2287;28;48;388;208;0.0;0.0;2883;58732;58732.0;3639;3639.0;2
1569;2020-04-23;Sicilia;476;34;510;1791;2301;14;43;412;213;0.0;0.0;2926;62150;62150.0;3418;3418.0;5
1570;2020-04-24;Sicilia;461;32;493;1827;2320;19;55;443;218;0.0;0.0;2981;65165;63626.0;3015;1476.0;5
1571;2020-04-25;Sicilia;452;33;485;1787;2272;-48;39;524;224;0.0;0.0;3020;68251;64892.0;3086;1266.0;6
1572;2020-04-26;Sicilia;445;33;478;1629;2107;-165;35;720;228;0.0;0.0;3055;70104;65689.0;1853;797.0;4
1573;2020-04-27;Sicilia;440;35;475;1648;2123;16;30;731;231;0.0;0.0;3085;70650;66749.0;546;1060.0;3
1574;2020-04-28;Sicilia;428;34;462;1681;2143;20;35;745;232;0.0;0.0;3120;73008;68729.0;2358;1980.0;1
1575;2020-04-29;Sicilia;415;34;449;1696;2145;2;20;763;232;0.0;0.0;3140;75360;71301.0;2352;2572.0;0
1576;2020-04-30;Sicilia;408;33;441;1716;2157;12;26;774;235;0.0;0.0;3166;79669;74541.0;4309;3240.0;3
1577;2020-05-01;Sicilia;399;30;429;1742;2171;14;28;786;237;0.0;0.0;3194;82860;77490.0;3191;2949.0;2
1578;2020-05-02;Sicilia;396;30;426;1760;2186;15;19;787;240;0.0;0.0;3213;84352;77590.0;1492;100.0;3
1579;2020-05-03;Sicilia;383;29;412;1791;2203;17;27;795;242;0.0;0.0;3240;85955;78409.0;1603;819.0;2
1580;2020-05-04;Sicilia;376;27;403;1799;2202;-1;15;809;244;0.0;0.0;3255;87166;79336.0;1211;927.0;2
1581;2020-05-05;Sicilia;367;26;393;1809;2202;0;12;818;247;0.0;0.0;3267;91306;82079.0;4140;2743.0;3
1582;2020-05-06;Sicilia;359;25;384;1817;2201;-1;14;830;250;0.0;0.0;3281;92999;83908.0;1693;1829.0;3
1583;2020-05-07;Sicilia;349;21;370;1757;2127;-74;7;910;251;0.0;0.0;3288;95695;85674.0;2696;1766.0;1
1584;2020-05-08;Sicilia;310;19;329;1798;2127;0;13;921;253;0.0;0.0;3301;98711;88497.0;3016;2823.0;2
1585;2020-05-09;Sicilia;277;17;294;1786;2080;-47;12;977;256;0.0;0.0;3313;101548;90885.0;2837;2388.0;3
1586;2020-05-10;Sicilia;273;16;289;1780;2069;-11;14;1002;256;0.0;0.0;3327;102403;91748.0;855;863.0;0
1587;2020-05-11;Sicilia;271;16;287;1775;2062;-7;12;1020;257;0.0;0.0;3339;103134;92609.0;731;861.0;1
1588;2020-05-12;Sicilia;234;15;249;1662;1911;-151;4;1171;261;0.0;0.0;3343;105017;94034.0;1883;1425.0;4
1589;2020-05-13;Sicilia;212;13;225;1664;1889;-22;11;1203;262;0.0;0.0;3354;107991;96860.0;2974;2826.0;1
1590;2020-05-14;Sicilia;203;12;215;1639;1854;-35;12;1249;263;0.0;0.0;3366;111137;99900.0;3146;3040.0;1
1591;2020-05-15;Sicilia;198;11;209;1551;1760;-94;8;1351;263;0.0;0.0;3374;112929;101487.0;1792;1587.0;0
1592;2020-05-16;Sicilia;159;12;171;1488;1659;-101;8;1458;265;0.0;0.0;3382;114963;103103.0;2034;1616.0;2
1593;2020-05-17;Sicilia;145;13;158;1397;1555;-104;6;1566;267;0.0;0.0;3388;117426;105074.0;2463;1971.0;2
1594;2020-05-18;Sicilia;137;13;150;1389;1539;-16;7;1589;267;0.0;0.0;3395;118859;106277.0;1433;1203.0;0
1595;2020-05-19;Sicilia;125;12;137;1387;1524;-15;8;1611;268;0.0;0.0;3403;122040;109195.0;3181;2918.0;1
1596;2020-05-20;Sicilia;118;11;129;1394;1523;-1;8;1620;268;0.0;0.0;3411;123573;110205.0;1533;1010.0;0
1597;2020-05-21;Sicilia;107;11;118;1404;1522;-1;6;1627;268;0.0;0.0;3417;127348;112329.0;3775;2124.0;0
1598;2020-05-22;Sicilia;103;10;113;1406;1519;-3;4;1634;268;0.0;0.0;3421;129431;114230.0;2083;1901.0;0
1599;2020-05-23;Sicilia;95;9;104;1408;1512;-7;0;1640;269;0.0;0.0;3421;131913;116517.0;2482;2287.0;1
1600;2020-05-24;Sicilia;91;9;100;1353;1453;-59;2;1701;269;0.0;0.0;3423;133249;117242.0;1336;725.0;0
1601;2020-05-25;Sicilia;89;9;98;1335;1433;-20;4;1724;270;0.0;0.0;3427;135261;118208.0;2012;966.0;1
1602;2020-05-26;Sicilia;83;10;93;1337;1430;-3;3;1729;271;0.0;0.0;3430;137682;120206.0;2421;1998.0;1
1603;2020-05-27;Sicilia;73;10;83;1235;1318;-112;5;1845;272;0.0;0.0;3435;140295;122130.0;2613;1924.0;1
1604;2020-05-28;Sicilia;72;8;80;1065;1145;-173;3;2021;272;0.0;0.0;3438;142516;122600.0;2221;470.0;0
1605;2020-05-29;Sicilia;67;7;74;1063;1137;-8;2;2031;272;0.0;0.0;3440;145979;125340.0;3463;2740.0;0
1606;2020-05-30;Sicilia;67;7;74;925;999;-138;2;2170;273;0.0;0.0;3442;148871;127725.0;2892;2385.0;1
1607;2020-05-31;Sicilia;65;7;72;914;986;-13;1;2183;274;0.0;0.0;3443;150054;128717.0;1183;992.0;1
1608;2020-06-01;Sicilia;65;8;73;894;967;-19;0;2202;274;0.0;0.0;3443;151186;129103.0;1132;386.0;0
1609;2020-06-02;Sicilia;62;7;69;897;966;-1;4;2206;275;0.0;0.0;3447;153417;130886.0;2231;1783.0;1
1610;2020-06-03;Sicilia;60;7;67;813;880;-86;0;2292;275;0.0;0.0;3447;154873;131820.0;1456;934.0;0
1611;2020-06-04;Sicilia;57;6;63;816;879;-1;0;2292;276;0.0;0.0;3447;157868;134035.0;2995;2215.0;1
1612;2020-06-05;Sicilia;54;6;60;812;872;-7;1;2300;276;0.0;0.0;3448;160639;136155.0;2771;2120.0;0
1613;2020-06-06;Sicilia;47;7;54;812;866;-6;2;2308;276;0.0;0.0;3450;163432;138343.0;2793;2188.0;0
1614;2020-06-07;Sicilia;42;7;49;813;862;-4;1;2312;277;0.0;0.0;3451;164985;139481.0;1553;1138.0;1
1615;2020-06-08;Sicilia;40;7;47;806;853;-9;1;2321;278;0.0;0.0;3452;165693;140109.0;708;628.0;1
1616;2020-06-09;Sicilia;39;6;45;808;853;0;2;2323;278;0.0;0.0;3454;168562;142495.0;2869;2386.0;0
1617;2020-06-10;Sicilia;40;6;46;807;853;0;1;2324;278;0.0;0.0;3455;171384;144193.0;2822;1698.0;0
1618;2020-06-11;Sicilia;37;5;42;807;849;-4;0;2327;279;0.0;0.0;3455;174429;146290.0;3045;2097.0;1
1619;2020-06-12;Sicilia;34;3;37;804;841;-8;0;2335;279;0.0;0.0;3455;176233;147871.0;1804;1581.0;0
1620;2020-06-13;Sicilia;33;3;36;806;842;1;1;2335;279;0.0;0.0;3456;178319;149516.0;2086;1645.0;0
1621;2020-06-14;Sicilia;32;3;35;802;837;-5;1;2341;279;0.0;0.0;3457;179438;150233.0;1119;717.0;0
1622;2020-06-15;Sicilia;30;4;34;771;805;-32;1;2373;280;0.0;0.0;3458;180327;150982.0;889;749.0;1
1623;2020-06-16;Sicilia;32;4;36;770;806;1;2;2374;280;0.0;0.0;3460;182514;152670.0;2187;1688.0;0
1624;2020-06-17;Sicilia;25;3;28;777;805;-1;2;2377;280;0.0;0.0;3462;184412;154287.0;1898;1617.0;0
1625;2020-06-18;Sicilia;24;3;27;610;637;-168;2;2547;280;0.0;0.0;3464;186253;155903.0;1841;1616.0;0
1626;2020-06-19;Sicilia;21;5;26;124;150;-487;3;2640;280;0.0;0.0;3070;187869;156719.0;1616;816.0;0
1627;2020-06-20;Sicilia;21;5;26;114;140;-10;0;2650;280;0.0;0.0;3070;189938;157946.0;2069;1227.0;0
1628;2020-06-21;Sicilia;20;6;26;115;141;1;2;2651;280;0.0;0.0;3072;191042;158911.0;1104;965.0;0
1629;2020-06-22;Sicilia;20;6;26;115;141;0;0;2651;280;0.0;0.0;3072;192138;159796.0;1096;885.0;0
1630;2020-06-23;Sicilia;17;5;22;110;132;-9;1;2661;280;0.0;0.0;3073;194935;161423.0;2797;1627.0;0
1631;2020-06-24;Sicilia;17;5;22;110;132;0;1;2662;280;0.0;0.0;3074;197279;162675.0;2344;1252.0;0
1632;2020-06-25;Sicilia;17;5;22;108;130;-2;2;2666;280;2748.0;328.0;3076;199545;163991.0;2266;1316.0;0
1633;2020-06-26;Sicilia;18;4;22;107;129;-1;0;2666;281;2748.0;328.0;3076;201836;165403.0;2291;1412.0;1
1634;2020-06-27;Sicilia;20;4;24;106;130;1;1;2666;281;2748.0;329.0;3077;204184;167299.0;2348;1896.0;0
1635;2020-06-28;Sicilia;21;4;25;105;130;0;0;2666;281;2748.0;329.0;3077;205492;168323.0;1308;1024.0;0
1636;2020-06-29;Sicilia;21;3;24;103;127;-3;1;2670;281;2748.0;330.0;3078;206550;169019.0;1058;696.0;0
1637;2020-06-30;Sicilia;19;3;22;106;128;1;2;2670;282;2749.0;331.0;3080;209071;171130.0;2521;2111.0;1
1638;2020-07-01;Sicilia;18;3;21;105;126;-2;1;2673;282;2749.0;332.0;3081;211496;172947.0;2425;1817.0;0
1639;2020-07-02;Sicilia;17;3;20;114;134;8;9;2674;282;2749.0;341.0;3090;214317;174795.0;2821;1848.0;0
1640;2020-07-03;Sicilia;16;2;18;117;135;1;1;2674;282;2749.0;342.0;3091;217147;176956.0;2830;2161.0;0
1641;2020-07-04;Sicilia;15;2;17;121;138;3;3;2674;282;2749.0;345.0;3094;219841;179117.0;2694;2161.0;0
1642;2020-07-05;Sicilia;13;2;15;123;138;0;0;2674;282;2749.0;345.0;3094;221210;180132.0;1369;1015.0;0
1643;2020-07-06;Sicilia;14;2;16;123;139;1;1;2674;282;2749.0;346.0;3095;222176;180811.0;966;679.0;0
1644;2020-07-07;Sicilia;12;0;12;128;140;1;1;2674;282;2749.0;347.0;3096;224783;182429.0;2607;1618.0;0
1645;2020-07-08;Sicilia;7;0;7;120;127;-13;1;2687;283;2749.0;348.0;3097;227239;184302.0;2456;1873.0;1
1646;2020-07-09;Sicilia;6;0;6;122;128;1;1;2687;283;2749.0;349.0;3098;229851;186170.0;2612;1868.0;0
1647;2020-07-10;Sicilia;6;0;6;118;124;-4;0;2691;283;2749.0;349.0;3098;231767;187482.0;1916;1312.0;0
1648;2020-07-11;Sicilia;6;0;6;117;123;-1;1;2693;283;2749.0;350.0;3099;233658;188817.0;1891;1335.0;0
1649;2020-07-12;Sicilia;5;0;5;118;123;0;0;2693;283;2749.0;350.0;3099;235174;189943.0;1516;1126.0;0
1650;2020-07-13;Sicilia;6;0;6;117;123;0;1;2694;283;2749.0;351.0;3100;235954;190293.0;780;350.0;0
1651;2020-07-14;Sicilia;4;0;4;133;137;14;15;2695;283;2753.0;362.0;3115;238702;192474.0;2748;2181.0;0
1652;2020-07-15;Sicilia;4;0;4;133;137;0;0;2695;283;2753.0;362.0;3115;240742;194142.0;2040;1668.0;0
1653;2020-07-16;Sicilia;6;0;6;148;154;17;17;2695;283;2753.0;379.0;3132;243037;195812.0;2295;1670.0;0
1654;2020-07-17;Sicilia;9;0;9;149;158;4;4;2695;283;2753.0;383.0;3136;245437;197335.0;2400;1523.0;0
1655;2020-07-18;Sicilia;14;0;14;148;162;4;4;2695;283;2753.0;387.0;3140;247379;198568.0;1942;1233.0;0
1656;2020-07-19;Sicilia;11;1;12;150;162;0;2;2697;283;2753.0;389.0;3142;248851;199333.0;1472;765.0;0
1657;2020-07-20;Sicilia;10;2;12;145;157;-5;2;2704;283;2753.0;391.0;3144;249824;200038.0;973;705.0;0
1658;2020-07-21;Sicilia;10;2;12;145;157;0;2;2706;283;2753.0;393.0;3146;252477;201700.0;2653;1662.0;0
1659;2020-07-22;Sicilia;10;3;13;148;161;4;7;2709;283;2758.0;395.0;3153;255152;203459.0;2675;1759.0;0
1660;2020-07-23;Sicilia;10;3;13;150;163;2;5;2712;283;2762.0;396.0;3158;257971;205508.0;2819;2049.0;0
1661;2020-02-24;Basilicata;0;0;0;0;0;0;0;0;0;0.0;0.0;0;0;0.0;0;0.0;0
1662;2020-02-25;Basilicata;0;0;0;0;0;0;0;0;0;0.0;0.0;0;0;0.0;0;0.0;0
1663;2020-02-26;Basilicata;0;0;0;0;0;0;0;0;0;0.0;0.0;0;0;0.0;0;0.0;0
1664;2020-02-27;Basilicata;0;0;0;0;0;0;0;0;0;0.0;0.0;0;0;0.0;0;0.0;0
1665;2020-02-28;Basilicata;0;0;0;0;0;0;0;0;0;0.0;0.0;0;0;0.0;0;0.0;0
1666;2020-02-29;Basilicata;0;0;0;0;0;0;0;0;0;0.0;0.0;0;32;0.0;32;0.0;0
1667;2020-03-01;Basilicata;0;0;0;0;0;0;0;0;0;0.0;0.0;0;39;0.0;7;0.0;0
1668;2020-03-02;Basilicata;0;0;0;0;0;0;0;0;0;0.0;0.0;0;39;0.0;0;0.0;0
1669;2020-03-03;Basilicata;0;0;0;1;1;1;1;0;0;0.0;0.0;1;42;0.0;3;0.0;0
1670;2020-03-04;Basilicata;0;0;0;1;1;0;0;0;0;0.0;0.0;1;48;0.0;6;0.0;0
1671;2020-03-05;Basilicata;0;0;0;1;1;0;0;0;0;0.0;0.0;1;54;0.0;6;0.0;0
1672;2020-03-06;Basilicata;1;0;1;2;3;2;2;0;0;0.0;0.0;3;63;0.0;9;0.0;0
1673;2020-03-07;Basilicata;1;0;1;2;3;0;0;0;0;0.0;0.0;3;75;0.0;12;0.0;0
1674;2020-03-08;Basilicata;2;0;2;2;4;1;1;0;0;0.0;0.0;4;123;0.0;48;0.0;0
1675;2020-03-09;Basilicata;2;0;2;3;5;1;1;0;0;0.0;0.0;5;135;0.0;12;0.0;0
1676;2020-03-10;Basilicata;2;0;2;5;7;2;2;0;0;0.0;0.0;7;148;0.0;13;0.0;0
1677;2020-03-11;Basilicata;1;1;2;6;8;1;1;0;0;0.0;0.0;8;155;0.0;7;0.0;0
1678;2020-03-12;Basilicata;1;1;2;6;8;0;0;0;0;0.0;0.0;8;155;0.0;0;0.0;0
1679;2020-03-13;Basilicata;1;1;2;8;10;2;2;0;0;0.0;0.0;10;155;0.0;0;0.0;0
1680;2020-03-14;Basilicata;0;2;2;8;10;0;0;0;0;0.0;0.0;10;155;0.0;0;0.0;0
1681;2020-03-15;Basilicata;0;2;2;9;11;1;1;0;0;0.0;0.0;11;208;0.0;53;0.0;0
1682;2020-03-16;Basilicata;1;2;3;9;12;1;1;0;0;0.0;0.0;12;230;0.0;22;0.0;0
1683;2020-03-17;Basilicata;5;2;7;13;20;8;8;0;0;0.0;0.0;20;262;0.0;32;0.0;0
1684;2020-03-18;Basilicata;9;2;11;16;27;7;7;0;0;0.0;0.0;27;262;0.0;0;0.0;0
1685;2020-03-19;Basilicata;8;5;13;24;37;10;10;0;0;0.0;0.0;37;353;0.0;91;0.0;0
1686;2020-03-20;Basilicata;8;5;13;39;52;15;15;0;0;0.0;0.0;52;443;0.0;90;0.0;0
1687;2020-03-21;Basilicata;12;7;19;47;66;14;14;0;0;0.0;0.0;66;522;0.0;79;0.0;0
1688;2020-03-22;Basilicata;13;10;23;58;81;15;15;0;0;0.0;0.0;81;643;0.0;121;0.0;0
1689;2020-03-23;Basilicata;15;12;27;62;89;8;9;0;1;0.0;0.0;90;696;0.0;53;0.0;1
1690;2020-03-24;Basilicata;14;12;26;65;91;2;2;0;1;0.0;0.0;92;744;0.0;48;0.0;0
1691;2020-03-25;Basilicata;20;14;34;78;112;21;21;0;1;0.0;0.0;113;857;0.0;113;0.0;0
1692;2020-03-26;Basilicata;22;16;38;95;133;21;21;0;1;0.0;0.0;134;1046;0.0;189;0.0;0
1693;2020-03-27;Basilicata;22;15;37;110;147;14;17;1;3;0.0;0.0;151;1254;0.0;208;0.0;2
1694;2020-03-28;Basilicata;26;19;45;133;178;31;31;1;3;0.0;0.0;182;1421;0.0;167;0.0;0
1695;2020-03-29;Basilicata;32;18;50;147;197;19;20;1;4;0.0;0.0;202;1585;0.0;164;0.0;1
1696;2020-03-30;Basilicata;36;18;54;154;208;11;12;1;5;0.0;0.0;214;1833;0.0;248;0.0;1
1697;2020-03-31;Basilicata;37;17;54;162;216;8;12;3;7;0.0;0.0;226;2043;0.0;210;0.0;2
1698;2020-04-01;Basilicata;39;15;54;171;225;9;11;3;9;0.0;0.0;237;2262;0.0;219;0.0;2
1699;2020-04-02;Basilicata;38;19;57;176;233;8;9;3;10;0.0;0.0;246;2427;0.0;165;0.0;1
1700;2020-04-03;Basilicata;41;19;60;187;247;14;15;3;11;0.0;0.0;261;2622;0.0;195;0.0;1
1701;2020-04-04;Basilicata;44;19;63;181;244;-3;3;9;11;0.0;0.0;264;2765;0.0;143;0.0;0
1702;2020-04-05;Basilicata;46;18;64;190;254;10;14;11;13;0.0;0.0;278;2931;0.0;166;0.0;2
1703;2020-04-06;Basilicata;46;18;64;198;262;8;9;12;13;0.0;0.0;287;3061;0.0;130;0.0;0
1704;2020-04-07;Basilicata;47;17;64;201;265;3;4;12;14;0.0;0.0;291;3160;0.0;99;0.0;1
1705;2020-04-08;Basilicata;48;17;65;205;270;5;6;13;14;0.0;0.0;297;3296;0.0;136;0.0;0
1706;2020-04-09;Basilicata;50;17;67;208;275;5;6;13;15;0.0;0.0;303;3474;0.0;178;0.0;1
1707;2020-04-10;Basilicata;59;15;74;205;279;4;5;14;15;0.0;0.0;308;3696;0.0;222;0.0;0
1708;2020-04-11;Basilicata;60;12;72;209;281;2;4;14;17;0.0;0.0;312;4050;0.0;354;0.0;2
1709;2020-04-12;Basilicata;61;12;73;204;277;-4;3;20;18;0.0;0.0;315;4355;0.0;305;0.0;1
1710;2020-04-13;Basilicata;64;12;76;194;270;-7;4;31;18;0.0;0.0;319;4545;0.0;190;0.0;0
1711;2020-04-14;Basilicata;62;12;74;191;265;-5;0;35;19;0.0;0.0;319;4759;0.0;214;0.0;1
1712;2020-04-15;Basilicata;60;12;72;189;261;-4;1;38;21;0.0;0.0;320;5037;0.0;278;0.0;2
1713;2020-04-16;Basilicata;60;9;69;204;273;12;16;41;22;0.0;0.0;336;5349;0.0;312;0.0;1
1714;2020-04-17;Basilicata;59;9;68;198;266;-7;1;49;22;0.0;0.0;337;5710;0.0;361;0.0;0
1715;2020-04-18;Basilicata;60;8;68;194;262;-4;2;54;23;0.0;0.0;339;6056;0.0;346;0.0;1
1716;2020-04-19;Basilicata;59;8;67;180;247;-15;3;71;24;0.0;0.0;342;6528;6528.0;472;6528.0;1
1717;2020-04-20;Basilicata;59;7;66;176;242;-5;0;76;24;0.0;0.0;342;6868;6868.0;340;340.0;0
1718;2020-04-21;Basilicata;64;7;71;174;245;3;8;81;24;0.0;0.0;350;7470;7470.0;602;602.0;0
1719;2020-04-22;Basilicata;65;7;72;160;232;-13;4;98;24;0.0;0.0;354;8040;8040.0;570;570.0;0
1720;2020-04-23;Basilicata;61;7;68;161;229;-3;2;103;24;0.0;0.0;356;8511;8511.0;471;471.0;0
1721;2020-04-24;Basilicata;59;7;66;163;229;0;4;107;24;0.0;0.0;360;9026;9026.0;515;515.0;0
1722;2020-04-25;Basilicata;58;7;65;153;218;-11;1;118;25;0.0;0.0;361;9792;9792.0;766;766.0;1
1723;2020-04-26;Basilicata;57;7;64;155;219;1;5;122;25;0.0;0.0;366;10077;10077.0;285;285.0;0
1724;2020-04-27;Basilicata;57;7;64;153;217;-2;0;124;25;0.0;0.0;366;10364;10364.0;287;287.0;0
1725;2020-04-28;Basilicata;56;7;63;142;205;-12;0;136;25;0.0;0.0;366;10889;10889.0;525;525.0;0
1726;2020-04-29;Basilicata;51;4;55;139;194;-11;0;147;25;0.0;0.0;366;11331;11331.0;442;442.0;0
1727;2020-04-30;Basilicata;49;4;53;139;192;-2;1;150;25;0.0;0.0;367;12774;12774.0;1443;1443.0;0
1728;2020-05-01;Basilicata;49;4;53;140;193;1;11;160;25;0.0;0.0;378;13269;13269.0;495;495.0;0
1729;2020-05-02;Basilicata;48;4;52;139;191;-2;2;164;25;0.0;0.0;380;13722;13722.0;453;453.0;0
1730;2020-05-03;Basilicata;48;3;51;143;194;3;6;167;25;0.0;0.0;386;14210;14210.0;488;488.0;0
1731;2020-05-04;Basilicata;50;3;53;120;173;-21;0;188;25;0.0;0.0;386;14901;14455.0;691;245.0;0
1732;2020-05-05;Basilicata;50;3;53;124;177;4;10;194;25;0.0;0.0;396;15476;15028.0;575;573.0;0
1733;2020-05-06;Basilicata;47;3;50;122;172;-5;3;202;25;0.0;0.0;399;16103;15619.0;627;591.0;0
1734;2020-05-07;Basilicata;48;2;50;105;155;-17;-16;202;26;0.0;0.0;383;16272;15780.0;169;161.0;1
1735;2020-05-08;Basilicata;48;2;50;102;152;-3;-1;204;26;0.0;0.0;382;16777;16285.0;505;505.0;0
1736;2020-05-09;Basilicata;45;1;46;99;145;-7;0;210;27;0.0;0.0;382;17433;16941.0;656;656.0;1
1737;2020-05-10;Basilicata;45;1;46;97;143;-2;3;215;27;0.0;0.0;385;17916;17424.0;483;483.0;0
1738;2020-05-11;Basilicata;46;1;47;95;142;-1;1;217;27;0.0;0.0;386;18266;17774.0;350;350.0;0
1739;2020-05-12;Basilicata;47;1;48;92;140;-2;1;220;27;0.0;0.0;387;19100;18608.0;834;834.0;0
1740;2020-05-13;Basilicata;42;1;43;88;131;-9;2;231;27;0.0;0.0;389;19678;19186.0;578;578.0;0
1741;2020-05-14;Basilicata;34;1;35;92;127;-4;0;235;27;0.0;0.0;389;20285;19789.0;607;603.0;0
1742;2020-05-15;Basilicata;33;1;34;86;120;-7;0;242;27;0.0;0.0;389;20851;20359.0;566;570.0;0
1743;2020-05-16;Basilicata;29;1;30;83;113;-7;1;250;27;0.0;0.0;390;21496;20966.0;645;607.0;0
1744;2020-05-17;Basilicata;29;1;30;74;104;-9;2;261;27;0.0;0.0;392;22167;21627.0;671;661.0;0
1745;2020-05-18;Basilicata;29;1;30;63;93;-11;0;272;27;0.0;0.0;392;22581;22016.0;414;389.0;0
1746;2020-05-19;Basilicata;26;1;27;57;84;-9;1;282;27;0.0;0.0;393;23347;22767.0;766;751.0;0
1747;2020-05-20;Basilicata;22;1;23;50;73;-11;0;293;27;0.0;0.0;393;23986;23376.0;639;609.0;0
1748;2020-05-21;Basilicata;15;1;16;44;60;-13;1;307;27;0.0;0.0;394;24537;23903.0;551;527.0;0
1749;2020-05-22;Basilicata;15;1;16;33;49;-11;0;318;27;0.0;0.0;394;25045;24395.0;508;492.0;0
1750;2020-05-23;Basilicata;14;1;15;26;41;-8;4;330;27;0.0;0.0;398;25511;24841.0;466;446.0;0
1751;2020-05-24;Basilicata;13;1;14;25;39;-2;1;333;27;0.0;0.0;399;26111;25431.0;600;590.0;0
1752;2020-05-25;Basilicata;13;0;13;23;36;-3;0;336;27;0.0;0.0;399;26634;25944.0;523;513.0;0
1753;2020-05-26;Basilicata;8;0;8;28;36;0;0;336;27;0.0;0.0;399;27197;26807.0;563;863.0;0
1754;2020-05-27;Basilicata;7;0;7;29;36;0;0;336;27;0.0;0.0;399;27734;27344.0;537;537.0;0
1755;2020-05-28;Basilicata;6;0;6;28;34;-2;0;338;27;0.0;0.0;399;28342;27952.0;608;608.0;0
1756;2020-05-29;Basilicata;5;0;5;28;33;-1;0;339;27;0.0;0.0;399;28909;28209.0;567;257.0;0
1757;2020-05-30;Basilicata;5;0;5;26;31;-2;0;341;27;0.0;0.0;399;29421;28685.0;512;476.0;0
1758;2020-05-31;Basilicata;4;0;4;25;29;-2;0;343;27;0.0;0.0;399;29880;29130.0;459;445.0;0
1759;2020-06-01;Basilicata;4;0;4;24;28;-1;0;344;27;0.0;0.0;399;29956;29196.0;76;66.0;0
1760;2020-06-02;Basilicata;4;0;4;20;24;-4;0;348;27;0.0;0.0;399;30424;29664.0;468;468.0;0
1761;2020-06-03;Basilicata;4;0;4;19;23;-1;0;349;27;0.0;0.0;399;30708;29938.0;284;274.0;0
1762;2020-06-04;Basilicata;3;0;3;17;20;-3;0;352;27;0.0;0.0;399;31096;30706.0;388;768.0;0
1763;2020-06-05;Basilicata;0;0;0;18;18;-2;0;354;27;0.0;0.0;399;31485;30705.0;389;-1.0;0
1764;2020-06-06;Basilicata;0;0;0;17;17;-1;0;355;27;0.0;0.0;399;31882;31102.0;397;397.0;0
1765;2020-06-07;Basilicata;0;0;0;14;14;-3;0;358;27;0.0;0.0;399;32147;31357.0;265;255.0;0
1766;2020-06-08;Basilicata;0;0;0;13;13;-1;0;359;27;0.0;0.0;399;32720;31930.0;573;573.0;0
1767;2020-06-09;Basilicata;1;0;1;13;14;1;1;359;27;0.0;0.0;400;33185;32395.0;465;465.0;0
1768;2020-06-10;Basilicata;1;0;1;10;11;-3;0;362;27;0.0;0.0;400;33551;32761.0;366;366.0;0
1769;2020-06-11;Basilicata;0;1;1;11;12;1;1;362;27;0.0;0.0;401;33957;33167.0;406;406.0;0
1770;2020-06-12;Basilicata;0;1;1;11;12;0;0;362;27;0.0;0.0;401;34377;33587.0;420;420.0;0
1771;2020-06-13;Basilicata;0;1;1;10;11;-1;0;363;27;0.0;0.0;401;34681;33891.0;304;304.0;0
1772;2020-06-14;Basilicata;0;1;1;10;11;0;0;363;27;0.0;0.0;401;35139;34349.0;458;458.0;0
1773;2020-06-15;Basilicata;0;1;1;10;11;0;0;363;27;0.0;0.0;401;35233;34443.0;94;94.0;0
1774;2020-06-16;Basilicata;0;1;1;9;10;-1;0;364;27;0.0;0.0;401;35666;34876.0;433;433.0;0
1775;2020-06-17;Basilicata;0;1;1;9;10;0;0;364;27;0.0;0.0;401;36011;35221.0;345;345.0;0
1776;2020-06-18;Basilicata;0;1;1;9;10;0;0;364;27;0.0;0.0;401;36382;35592.0;371;371.0;0
1777;2020-06-19;Basilicata;0;1;1;7;8;-2;0;366;27;0.0;0.0;401;36705;35915.0;323;323.0;0
1778;2020-06-20;Basilicata;0;1;1;7;8;0;0;366;27;0.0;0.0;401;36975;36185.0;270;270.0;0
1779;2020-06-21;Basilicata;1;0;1;7;8;0;0;366;27;0.0;0.0;401;37305;36515.0;330;330.0;0
1780;2020-06-22;Basilicata;1;0;1;7;8;0;0;366;27;0.0;0.0;401;37370;36590.0;65;75.0;0
1781;2020-06-23;Basilicata;1;0;1;7;8;0;0;366;27;0.0;0.0;401;37613;36833.0;243;243.0;0
1782;2020-06-24;Basilicata;1;0;1;6;7;-1;0;367;27;0.0;0.0;401;37887;37107.0;274;274.0;0
1783;2020-06-25;Basilicata;1;0;1;6;7;0;0;367;27;401.0;0.0;401;38261;37481.0;374;374.0;0
1784;2020-06-26;Basilicata;1;0;1;6;7;0;0;367;27;401.0;0.0;401;38690;37910.0;429;429.0;0
1785;2020-06-27;Basilicata;1;0;1;6;7;0;0;367;27;401.0;0.0;401;39001;38221.0;311;311.0;0
1786;2020-06-28;Basilicata;1;0;1;1;2;-5;0;372;27;401.0;0.0;401;39138;38358.0;137;137.0;0
1787;2020-06-29;Basilicata;1;0;1;2;3;1;1;372;27;401.0;1.0;402;39294;38514.0;156;156.0;0
1788;2020-06-30;Basilicata;1;0;1;2;3;0;0;372;27;401.0;1.0;402;39631;38851.0;337;337.0;0
1789;2020-07-01;Basilicata;0;0;0;2;2;-1;0;373;27;401.0;1.0;402;39787;39007.0;156;156.0;0
1790;2020-07-02;Basilicata;0;0;0;2;2;0;0;373;27;401.0;1.0;402;40041;39261.0;254;254.0;0
1791;2020-07-03;Basilicata;0;0;0;4;4;2;2;373;27;401.0;3.0;404;40333;39553.0;292;292.0;0
1792;2020-07-04;Basilicata;0;0;0;4;4;0;0;373;27;401.0;3.0;404;40562;39782.0;229;229.0;0
1793;2020-07-05;Basilicata;0;0;0;4;4;0;0;373;27;400.0;4.0;404;40562;39782.0;0;0.0;0
1794;2020-07-06;Basilicata;0;0;0;4;4;0;0;373;27;400.0;4.0;404;40807;40027.0;245;245.0;0
1795;2020-07-07;Basilicata;0;0;0;4;4;0;0;373;27;400.0;4.0;404;41102;40322.0;295;295.0;0
1796;2020-07-08;Basilicata;1;0;1;4;5;1;1;373;27;401.0;4.0;405;41330;40550.0;228;228.0;0
1797;2020-07-09;Basilicata;2;0;2;3;5;0;0;373;27;401.0;4.0;405;41756;40976.0;426;426.0;0
1798;2020-07-10;Basilicata;3;0;3;2;5;0;0;373;27;401.0;4.0;405;41973;41193.0;217;217.0;0
1799;2020-07-11;Basilicata;3;0;3;2;5;0;1;374;27;401.0;5.0;406;42254;41474.0;281;281.0;0
1800;2020-07-12;Basilicata;3;0;3;2;5;0;0;374;27;401.0;5.0;406;42254;41474.0;0;0.0;0
1801;2020-07-13;Basilicata;3;0;3;2;5;0;0;374;27;401.0;5.0;406;42563;41783.0;309;309.0;0
1802;2020-07-14;Basilicata;3;0;3;2;5;0;0;374;27;401.0;5.0;406;42851;42071.0;288;288.0;0
1803;2020-07-15;Basilicata;3;0;3;2;5;0;0;373;27;402.0;3.0;405;43107;42322.0;256;251.0;0
1804;2020-07-16;Basilicata;3;0;3;2;5;0;0;373;27;402.0;3.0;405;43400;42615.0;293;293.0;0
1805;2020-07-17;Basilicata;3;0;3;2;5;0;0;373;27;402.0;3.0;405;43697;42912.0;297;297.0;0
1806;2020-07-18;Basilicata;3;0;3;2;5;0;0;373;27;402.0;3.0;405;44020;43235.0;323;323.0;0
1807;2020-07-19;Basilicata;2;0;2;5;7;2;3;373;28;402.0;6.0;408;44020;43235.0;0;0.0;1
1808;2020-07-20;Basilicata;2;0;2;5;7;0;0;373;28;402.0;6.0;408;44271;43486.0;251;251.0;0
1809;2020-07-21;Basilicata;2;0;2;5;7;0;0;373;28;402.0;6.0;408;44528;43743.0;257;257.0;0
1810;2020-07-22;Basilicata;2;0;2;41;43;36;36;373;28;402.0;42.0;444;44793;44008.0;265;265.0;0
1811;2020-07-23;Basilicata;2;0;2;44;46;3;3;373;28;402.0;45.0;447;45091;44306.0;298;298.0;0
1812;2020-02-24;Emilia-Romagna;10;2;12;6;18;0;18;0;0;0.0;0.0;18;148;0.0;148;0.0;0
1813;2020-02-25;Emilia-Romagna;15;2;17;9;26;8;8;0;0;0.0;0.0;26;391;0.0;243;0.0;0
1814;2020-02-26;Emilia-Romagna;20;3;23;23;46;20;21;0;1;0.0;0.0;47;577;0.0;186;0.0;1
1815;2020-02-27;Emilia-Romagna;36;6;42;54;96;50;50;0;1;0.0;0.0;97;1033;0.0;456;0.0;0
1816;2020-02-28;Emilia-Romagna;56;6;62;81;143;47;48;0;2;0.0;0.0;145;1277;0.0;244;0.0;1
1817;2020-02-29;Emilia-Romagna;86;11;97;116;213;70;72;0;4;0.0;0.0;217;1550;0.0;273;0.0;2
1818;2020-03-01;Emilia-Romagna;127;13;140;137;277;64;68;0;8;0.0;0.0;285;1795;0.0;245;0.0;4
1819;2020-03-02;Emilia-Romagna;148;16;164;160;324;47;50;0;11;0.0;0.0;335;1973;0.0;178;0.0;3
1820;2020-03-03;Emilia-Romagna;187;24;211;187;398;74;85;4;18;0.0;0.0;420;2012;0.0;39;0.0;7
1821;2020-03-04;Emilia-Romagna;256;26;282;234;516;118;124;6;22;0.0;0.0;544;2500;0.0;488;0.0;4
1822;2020-03-05;Emilia-Romagna;327;32;359;299;658;142;154;10;30;0.0;0.0;698;2884;0.0;384;0.0;8
1823;2020-03-06;Emilia-Romagna;397;53;450;366;816;158;172;17;37;0.0;0.0;870;3136;0.0;252;0.0;7
1824;2020-03-07;Emilia-Romagna;464;64;528;409;937;121;140;25;48;0.0;0.0;1010;3604;0.0;468;0.0;11
1825;2020-03-08;Emilia-Romagna;542;75;617;480;1097;160;170;27;56;0.0;0.0;1180;4344;0.0;740;0.0;8
1826;2020-03-09;Emilia-Romagna;576;90;666;620;1286;189;206;30;70;0.0;0.0;1386;4906;0.0;562;0.0;14
1827;2020-03-10;Emilia-Romagna;669;98;767;650;1417;131;147;31;85;0.0;0.0;1533;5494;0.0;588;0.0;15
1828;2020-03-11;Emilia-Romagna;745;104;849;739;1588;171;206;38;113;0.0;0.0;1739;6640;0.0;1146;0.0;28
1829;2020-03-12;Emilia-Romagna;814;112;926;832;1758;170;208;43;146;0.0;0.0;1947;7600;0.0;960;0.0;33
1830;2020-03-13;Emilia-Romagna;942;128;1070;941;2011;253;316;51;201;0.0;0.0;2263;8787;0.0;1187;0.0;55
1831;2020-03-14;Emilia-Romagna;1076;152;1228;1121;2349;338;381;54;241;0.0;0.0;2644;10043;0.0;1256;0.0;40
1832;2020-03-15;Emilia-Romagna;1215;169;1384;1357;2741;392;449;68;284;0.0;0.0;3093;12054;0.0;2011;0.0;43
1833;2020-03-16;Emilia-Romagna;1362;197;1559;1529;3088;347;429;88;346;0.0;0.0;3522;13096;0.0;1042;0.0;62
1834;2020-03-17;Emilia-Romagna;1566;223;1789;1615;3404;316;409;134;393;0.0;0.0;3931;14510;0.0;1414;0.0;47
1835;2020-03-18;Emilia-Romagna;1784;247;2031;1884;3915;511;594;152;458;0.0;0.0;4525;15461;0.0;951;0.0;65
1836;2020-03-19;Emilia-Romagna;1900;260;2160;2346;4506;591;689;177;531;0.0;0.0;5214;18344;0.0;2883;0.0;73
1837;2020-03-20;Emilia-Romagna;2083;267;2350;2739;5089;583;754;239;640;0.0;0.0;5968;20753;0.0;2409;0.0;109
1838;2020-03-21;Emilia-Romagna;2267;265;2532;3129;5661;572;737;329;715;0.0;0.0;6705;24620;0.0;3867;0.0;75
1839;2020-03-22;Emilia-Romagna;2429;269;2698;3692;6390;729;850;349;816;0.0;0.0;7555;28022;0.0;3402;0.0;101
1840;2020-03-23;Emilia-Romagna;2846;276;3122;4098;7220;830;980;423;892;0.0;0.0;8535;31200;0.0;3178;0.0;76
1841;2020-03-24;Emilia-Romagna;2974;291;3265;4446;7711;491;719;558;985;0.0;0.0;9254;33527;0.0;2327;0.0;93
1842;2020-03-25;Emilia-Romagna;3180;294;3474;4782;8256;545;800;721;1077;0.0;0.0;10054;38045;0.0;4518;0.0;92
1843;2020-03-26;Emilia-Romagna;3354;301;3655;5195;8850;594;762;792;1174;0.0;0.0;10816;42395;0.0;4350;0.0;97
1844;2020-03-27;Emilia-Romagna;3461;308;3769;5592;9361;511;772;960;1267;0.0;0.0;11588;47798;0.0;5403;0.0;93
1845;2020-03-28;Emilia-Romagna;3695;316;4011;5953;9964;603;795;1075;1344;0.0;0.0;12383;52991;0.0;5193;0.0;77
1846;2020-03-29;Emilia-Romagna;3769;333;4102;6433;10535;571;736;1141;1443;0.0;0.0;13119;52991;0.0;0;0.0;99
1847;2020-03-30;Emilia-Romagna;3779;351;4130;6636;10766;231;412;1227;1538;0.0;0.0;13531;50990;0.0;-2001;0.0;95
1848;2020-03-31;Emilia-Romagna;3765;353;4118;6835;10953;187;543;1477;1644;0.0;0.0;14074;54532;0.0;3542;0.0;106
1849;2020-04-01;Emilia-Romagna;3898;359;4257;7232;11489;536;713;1566;1732;0.0;0.0;14787;58457;0.0;3925;0.0;88
1850;2020-04-02;Emilia-Romagna;3944;366;4310;7549;11859;370;546;1663;1811;0.0;0.0;15333;60507;0.0;2050;0.0;79
1851;2020-04-03;Emilia-Romagna;3915;364;4279;7899;12178;319;599;1852;1902;0.0;0.0;15932;63682;0.0;3175;0.0;91
1852;2020-04-04;Emilia-Romagna;3859;358;4217;8306;12523;345;608;2040;1977;0.0;0.0;16540;67075;0.0;3393;0.0;75
1853;2020-04-05;Emilia-Romagna;3839;375;4214;8623;12837;314;549;2201;2051;0.0;0.0;17089;69986;0.0;2911;0.0;74
1854;2020-04-06;Emilia-Romagna;3804;372;4176;8875;13051;214;467;2397;2108;0.0;0.0;17556;72163;0.0;2177;0.0;57
1855;2020-04-07;Emilia-Romagna;3750;366;4116;8932;13048;-3;269;2597;2180;0.0;0.0;17825;75191;0.0;3028;0.0;72
1856;2020-04-08;Emilia-Romagna;3769;361;4130;8980;13110;62;409;2890;2234;0.0;0.0;18234;78367;0.0;3176;0.0;54
1857;2020-04-09;Emilia-Romagna;3722;355;4077;9181;13258;148;443;3103;2316;0.0;0.0;18677;81715;0.0;3348;0.0;82
1858;2020-04-10;Emilia-Romagna;3596;349;3945;9405;13350;92;451;3381;2397;0.0;0.0;19128;85884;0.0;4169;0.0;81
1859;2020-04-11;Emilia-Romagna;3530;341;3871;9624;13495;145;507;3659;2481;0.0;0.0;19635;91759;0.0;5875;0.0;84
1860;2020-04-12;Emilia-Romagna;3491;335;3826;9846;13672;177;463;3862;2564;0.0;0.0;20098;96704;0.0;4945;0.0;83
1861;2020-04-13;Emilia-Romagna;3490;331;3821;9997;13818;146;342;4007;2615;0.0;0.0;20440;99047;0.0;2343;0.0;51
1862;2020-04-14;Emilia-Romagna;3473;328;3801;9977;13778;-40;312;4269;2705;0.0;0.0;20752;101896;0.0;2849;0.0;90
1863;2020-04-15;Emilia-Romagna;3388;325;3713;9864;13577;-201;277;4664;2788;0.0;0.0;21029;106149;0.0;4253;0.0;83
1864;2020-04-16;Emilia-Romagna;3360;316;3676;9987;13663;86;457;4980;2843;0.0;0.0;21486;112105;0.0;5956;0.0;55
1865;2020-04-17;Emilia-Romagna;3330;309;3639;9946;13585;-78;348;5346;2903;0.0;0.0;21834;116826;0.0;4721;0.0;60
1866;2020-04-18;Emilia-Romagna;3234;296;3530;10054;13584;-1;350;5635;2965;0.0;0.0;22184;121220;0.0;4394;0.0;62
1867;2020-04-19;Emilia-Romagna;3166;289;3455;10097;13552;-32;376;5985;3023;0.0;0.0;22560;124916;88776.0;3696;88776.0;58
1868;2020-04-20;Emilia-Romagna;3144;283;3427;10095;13522;-30;307;6266;3079;0.0;0.0;22867;129530;90894.0;4614;2118.0;56
1869;2020-04-21;Emilia-Romagna;3045;282;3327;9917;13244;-278;225;6701;3147;0.0;0.0;23092;134878;93367.0;5348;2473.0;68
1870;2020-04-22;Emilia-Romagna;2964;282;3246;9838;13084;-160;342;7146;3204;0.0;0.0;23434;140874;96824.0;5996;3457.0;57
1871;2020-04-23;Emilia-Romagna;2889;266;3155;9690;12845;-239;289;7609;3269;0.0;0.0;23723;146146;99714.0;5272;2890.0;65
1872;2020-04-24;Emilia-Romagna;2807;264;3071;9438;12509;-336;247;8158;3303;0.0;0.0;23970;151505;102495.0;5359;2781.0;34
1873;2020-04-25;Emilia-Romagna;2718;246;2964;9383;12347;-162;239;8515;3347;0.0;0.0;24209;156883;105628.0;5378;3133.0;44
1874;2020-04-26;Emilia-Romagna;2695;245;2940;9401;12341;-6;241;8723;3386;0.0;0.0;24450;161928;109192.0;5045;3564.0;39
1875;2020-04-27;Emilia-Romagna;2640;247;2887;9338;12225;-116;212;9006;3431;0.0;0.0;24662;164979;111041.0;3051;1849.0;45
1876;2020-04-28;Emilia-Romagna;2574;228;2802;9201;12003;-222;252;9439;3472;0.0;0.0;24914;172589;116624.0;7610;5583.0;41
1877;2020-04-29;Emilia-Romagna;2527;226;2753;9109;11862;-141;263;9803;3512;0.0;0.0;25177;176865;118881.0;4276;2257.0;40
1878;2020-04-30;Emilia-Romagna;2146;206;2352;7211;9563;-2299;259;12322;3551;0.0;0.0;25436;182857;122430.0;5992;3549.0;39
1879;2020-05-01;Emilia-Romagna;2112;197;2309;7175;9484;-79;208;12581;3579;0.0;0.0;25644;188264;125636.0;5407;3206.0;28
1880;2020-05-02;Emilia-Romagna;2033;196;2229;7094;9323;-161;206;12913;3614;0.0;0.0;25850;192135;128005.0;3871;2369.0;35
1881;2020-05-03;Emilia-Romagna;1997;197;2194;6851;9045;-278;166;13329;3642;0.0;0.0;26016;197075;131047.0;4940;3042.0;28
1882;2020-05-04;Emilia-Romagna;1968;199;2167;6817;8984;-61;159;13525;3666;0.0;0.0;26175;200427;133329.0;3352;2282.0;24
1883;2020-05-05;Emilia-Romagna;1917;191;2108;6573;8681;-303;100;13889;3705;0.0;0.0;26275;206166;136310.0;5739;2981.0;39
1884;2020-05-06;Emilia-Romagna;1816;176;1992;6399;8391;-290;104;14251;3737;0.0;0.0;26379;211652;138871.0;5486;2561.0;32
1885;2020-05-07;Emilia-Romagna;1726;173;1899;6112;8011;-380;108;14710;3766;0.0;0.0;26487;217039;141468.0;5387;2597.0;29
1886;2020-05-08;Emilia-Romagna;1680;163;1843;5887;7730;-281;111;15071;3797;0.0;0.0;26598;221866;144009.0;4827;2541.0;31
1887;2020-05-09;Emilia-Romagna;1604;155;1759;5642;7401;-329;121;15491;3827;0.0;0.0;26719;227366;146642.0;5500;2633.0;30
1888;2020-05-10;Emilia-Romagna;1562;150;1712;5479;7191;-210;77;15760;3845;0.0;0.0;26796;231637;149276.0;4271;2634.0;18
1889;2020-05-11;Emilia-Romagna;1537;141;1678;5362;7040;-151;80;15969;3867;0.0;0.0;26876;234619;151040.0;2982;1764.0;22
1890;2020-05-12;Emilia-Romagna;1384;136;1520;5281;6801;-239;53;16243;3885;0.0;0.0;26929;239178;153074.0;4559;2034.0;18
1891;2020-05-13;Emilia-Romagna;1165;123;1288;5214;6502;-299;50;16572;3905;0.0;0.0;26979;243883;155476.0;4705;2402.0;20
1892;2020-05-14;Emilia-Romagna;861;122;983;5318;6301;-201;77;16825;3930;0.0;0.0;27056;248591;158371.0;4708;2895.0;25
1893;2020-05-15;Emilia-Romagna;763;114;877;5124;6001;-300;54;17166;3943;0.0;0.0;27110;253497;160622.0;4906;2251.0;13
1894;2020-05-16;Emilia-Romagna;740;112;852;5000;5852;-149;72;17370;3960;0.0;0.0;27182;258274;163067.0;4777;2445.0;17
1895;2020-05-17;Emilia-Romagna;721;111;832;4824;5656;-196;50;17603;3973;0.0;0.0;27232;261106;163117.0;2832;50.0;13
1896;2020-05-18;Emilia-Romagna;708;105;813;4712;5525;-131;35;17756;3986;0.0;0.0;27267;263888;166240.0;2782;3123.0;13
1897;2020-05-19;Emilia-Romagna;670;99;769;4561;5330;-195;47;17987;3997;0.0;0.0;27314;268200;168367.0;4312;2127.0;11
1898;2020-05-20;Emilia-Romagna;626;96;722;4376;5098;-232;50;18258;4008;0.0;0.0;27364;274362;171903.0;6162;3536.0;11
1899;2020-05-21;Emilia-Romagna;592;92;684;4242;4926;-172;53;18466;4025;0.0;0.0;27417;278917;174485.0;4555;2582.0;17
1900;2020-05-22;Emilia-Romagna;552;89;641;4089;4730;-196;53;18703;4037;0.0;0.0;27470;282857;176464.0;3940;1979.0;12
1901;2020-05-23;Emilia-Romagna;524;84;608;3962;4570;-160;43;18896;4047;0.0;0.0;27513;287382;179022.0;4525;2558.0;10
1902;2020-05-24;Emilia-Romagna;519;83;602;3855;4457;-113;45;19046;4055;0.0;0.0;27558;291876;182002.0;4494;2980.0;8
1903;2020-05-25;Emilia-Romagna;514;82;596;3763;4359;-98;29;19160;4068;0.0;0.0;27587;294181;183187.0;2305;1185.0;13
1904;2020-05-26;Emilia-Romagna;493;80;573;3573;4146;-213;24;19389;4076;0.0;0.0;27611;297854;185125.0;3673;1938.0;8
1905;2020-05-27;Emilia-Romagna;459;78;537;3461;3998;-148;16;19546;4083;0.0;0.0;27627;301568;186933.0;3714;1808.0;7
1906;2020-05-28;Emilia-Romagna;449;77;526;3224;3750;-248;74;19857;4094;0.0;0.0;27701;310696;191112.0;9128;4179.0;11
1907;2020-05-29;Emilia-Romagna;429;76;505;3059;3564;-186;38;20073;4102;0.0;0.0;27739;316909;193318.0;6213;2206.0;8
1908;2020-05-30;Emilia-Romagna;398;65;463;2816;3279;-285;20;20373;4107;0.0;0.0;27759;321373;195492.0;4464;2174.0;5
1909;2020-05-31;Emilia-Romagna;393;57;450;2713;3163;-116;31;20513;4114;0.0;0.0;27790;325482;197423.0;4109;1931.0;7
1910;2020-06-01;Emilia-Romagna;383;54;437;2631;3068;-95;19;20617;4124;0.0;0.0;27809;329358;198884.0;3876;1461.0;10
1911;2020-06-02;Emilia-Romagna;358;50;408;2504;2912;-156;19;20780;4136;0.0;0.0;27828;333629;201267.0;4271;2383.0;12
1912;2020-06-03;Emilia-Romagna;342;50;392;2447;2839;-73;14;20856;4147;0.0;0.0;27842;336630;202506.0;3001;1239.0;11
1913;2020-06-04;Emilia-Romagna;320;49;369;2319;2688;-151;18;21018;4154;0.0;0.0;27860;341710;204614.0;5080;2108.0;7
1914;2020-06-05;Emilia-Romagna;281;38;319;2193;2512;-176;17;21198;4167;0.0;0.0;27877;347146;207533.0;5436;2919.0;13
1915;2020-06-06;Emilia-Romagna;256;35;291;2125;2416;-96;17;21307;4171;0.0;0.0;27894;351146;210719.0;4000;3186.0;4
1916;2020-06-07;Emilia-Romagna;245;32;277;2051;2328;-88;14;21405;4175;0.0;0.0;27908;355952;213979.0;4806;3260.0;4
1917;2020-06-08;Emilia-Romagna;239;31;270;2012;2282;-46;20;21467;4179;0.0;0.0;27928;360962;215416.0;5010;1437.0;4
1918;2020-06-09;Emilia-Romagna;226;31;257;1899;2156;-126;18;21605;4185;0.0;0.0;27946;367485;218890.0;6523;3474.0;6
1919;2020-06-10;Emilia-Romagna;228;25;253;1808;2061;-95;24;21717;4192;0.0;0.0;27970;375278;223413.0;7793;4523.0;7
1920;2020-06-11;Emilia-Romagna;216;18;234;1766;2000;-61;25;21803;4192;0.0;0.0;27995;385220;227500.0;9942;4087.0;0
1921;2020-06-12;Emilia-Romagna;200;17;217;1600;1817;-183;33;22015;4196;0.0;0.0;28028;393539;231752.0;8319;4252.0;4
1922;2020-06-13;Emilia-Romagna;192;15;207;1520;1727;-90;28;22130;4199;0.0;0.0;28056;400902;237236.0;7363;5484.0;3
1923;2020-06-14;Emilia-Romagna;192;14;206;1431;1637;-90;17;22232;4204;0.0;0.0;28073;407039;241833.0;6137;4597.0;5
1924;2020-06-15;Emilia-Romagna;188;13;201;1299;1500;-137;11;22377;4207;0.0;0.0;28084;410984;244630.0;3945;2797.0;3
1925;2020-06-16;Emilia-Romagna;180;11;191;1214;1405;-95;13;22483;4209;0.0;0.0;28097;417184;247911.0;6200;3281.0;2
1926;2020-06-17;Emilia-Romagna;173;11;184;1161;1345;-60;14;22551;4215;0.0;0.0;28111;426730;252139.0;9546;4228.0;6
1927;2020-06-18;Emilia-Romagna;159;11;170;1111;1281;-64;32;22643;4219;0.0;0.0;28143;435351;256490.0;8621;4351.0;4
1928;2020-06-19;Emilia-Romagna;145;11;156;1063;1219;-62;27;22727;4224;0.0;0.0;28170;443301;261017.0;7950;4527.0;5
1929;2020-06-20;Emilia-Romagna;140;11;151;1056;1207;-12;28;22761;4230;0.0;0.0;28198;449616;266062.0;6315;5045.0;6
1930;2020-06-21;Emilia-Romagna;131;12;143;1029;1172;-35;23;22818;4231;0.0;0.0;28221;453854;270279.0;4238;4217.0;1
1931;2020-06-22;Emilia-Romagna;129;12;141;1013;1154;-18;22;22854;4235;0.0;0.0;28243;455992;271706.0;2138;1427.0;4
1932;2020-06-23;Emilia-Romagna;121;12;133;956;1089;-65;17;22935;4236;0.0;0.0;28260;460600;273800.0;4608;2094.0;1
1933;2020-06-24;Emilia-Romagna;117;12;129;945;1074;-15;44;22985;4245;0.0;0.0;28304;466612;277700.0;6012;3900.0;9
1934;2020-06-25;Emilia-Romagna;114;11;125;943;1068;-6;47;23034;4249;27949.0;402.0;28351;474450;282325.0;7838;4625.0;4
1935;2020-06-26;Emilia-Romagna;109;12;121;923;1044;-24;46;23097;4252;27944.0;449.0;28393;478941;285701.0;4491;3376.0;3
1936;2020-06-27;Emilia-Romagna;106;11;117;924;1041;-3;42;23142;4252;27951.0;484.0;28435;483309;288719.0;4368;3018.0;0
1937;2020-06-28;Emilia-Romagna;108;12;120;922;1042;1;21;23161;4253;27956.0;500.0;28456;486730;291041.0;3421;2322.0;1
1938;2020-06-29;Emilia-Romagna;111;12;123;909;1032;-10;16;23185;4255;27961.0;511.0;28472;489451;292851.0;2721;1810.0;2
1939;2020-06-30;Emilia-Romagna;108;12;120;890;1010;-22;20;23222;4260;27965.0;527.0;28492;495544;296112.0;6093;3261.0;5
1940;2020-07-01;Emilia-Romagna;104;10;114;888;1002;-8;16;23242;4264;27970.0;538.0;28508;499426;298840.0;3882;2728.0;4
1941;2020-07-02;Emilia-Romagna;96;9;105;898;1003;1;27;23267;4265;27981.0;554.0;28535;504288;301588.0;4862;2748.0;1
1942;2020-07-03;Emilia-Romagna;87;9;96;915;1011;8;27;23284;4267;27990.0;572.0;28562;508691;304202.0;4403;2614.0;2
1943;2020-07-04;Emilia-Romagna;88;8;96;941;1037;26;51;23309;4267;28001.0;612.0;28613;514204;307615.0;5513;3413.0;0
1944;2020-07-05;Emilia-Romagna;88;9;97;932;1029;-8;24;23340;4268;28012.0;625.0;28637;517215;309970.0;3011;2355.0;1
1945;2020-07-06;Emilia-Romagna;90;9;99;965;1064;35;38;23343;4268;28017.0;658.0;28675;519586;311431.0;2371;1461.0;0
1946;2020-07-07;Emilia-Romagna;98;10;108;952;1060;-4;31;23377;4269;28028.0;678.0;28706;526212;314717.0;6626;3286.0;1
1947;2020-07-08;Emilia-Romagna;99;10;109;962;1071;11;49;23415;4269;28041.0;714.0;28755;531089;317517.0;4877;2800.0;0
1948;2020-07-09;Emilia-Romagna;96;10;106;960;1066;-5;29;23434;4269;28038.0;731.0;28769;536432;320516.0;5343;2999.0;0
1949;2020-07-10;Emilia-Romagna;96;10;106;1007;1113;47;53;23440;4269;28050.0;772.0;28822;540614;322910.0;4182;2394.0;0
1950;2020-07-11;Emilia-Romagna;93;10;103;1016;1119;6;47;23481;4269;28068.0;801.0;28869;544888;325438.0;4274;2528.0;0
1951;2020-07-12;Emilia-Romagna;93;10;103;1077;1180;61;71;23491;4269;28091.0;849.0;28940;547863;327651.0;2975;2213.0;0
1952;2020-07-13;Emilia-Romagna;93;9;102;1091;1193;13;18;23496;4269;28096.0;862.0;28958;549870;328603.0;2007;952.0;0
1953;2020-07-14;Emilia-Romagna;93;9;102;1087;1189;-4;13;23511;4271;28103.0;868.0;28971;554781;330870.0;4911;2267.0;2
1954;2020-07-15;Emilia-Romagna;88;9;97;1073;1170;-19;18;23548;4271;28112.0;877.0;28989;558766;333415.0;3985;2545.0;0
1955;2020-07-16;Emilia-Romagna;88;9;97;1101;1198;28;46;23566;4271;28128.0;907.0;29035;563225;336154.0;4459;2739.0;0
1956;2020-07-17;Emilia-Romagna;87;8;95;1133;1228;30;54;23586;4273;28151.0;936.0;29087;568779;339384.0;5554;3230.0;2
1957;2020-07-18;Emilia-Romagna;85;8;93;1141;1234;6;40;23619;4274;28166.0;961.0;29127;573554;342592.0;4775;3208.0;1
1958;2020-07-19;Emilia-Romagna;81;8;89;1177;1266;32;51;23638;4274;28175.0;1003.0;29178;576284;344582.0;2730;1990.0;0
1959;2020-07-20;Emilia-Romagna;91;6;97;1201;1298;32;42;23645;4277;28190.0;1030.0;29220;578586;346535.0;2302;1953.0;3
1960;2020-07-21;Emilia-Romagna;85;6;91;1206;1297;-1;18;23662;4279;28196.0;1042.0;29238;583968;349522.0;5382;2987.0;2
1961;2020-07-22;Emilia-Romagna;81;7;88;1237;1325;28;57;23689;4281;28212.0;1083.0;29295;591704;352794.0;7736;3272.0;2
1962;2020-07-23;Emilia-Romagna;79;6;85;1265;1350;25;55;23719;4281;28235.0;1115.0;29350;597289;357173.0;5585;4379.0;0
1963;2020-02-24;Abruzzo;0;0;0;0;0;0;0;0;0;0.0;0.0;0;5;0.0;5;0.0;0
1964;2020-02-25;Abruzzo;0;0;0;0;0;0;0;0;0;0.0;0.0;0;5;0.0;0;0.0;0
1965;2020-02-26;Abruzzo;0;0;0;0;0;0;0;0;0;0.0;0.0;0;13;0.0;8;0.0;0
1966;2020-02-27;Abruzzo;1;0;1;0;1;1;1;0;0;0.0;0.0;1;33;0.0;20;0.0;0
1967;2020-02-28;Abruzzo;1;0;1;0;1;0;0;0;0;0.0;0.0;1;33;0.0;0;0.0;0
1968;2020-02-29;Abruzzo;2;0;2;0;2;1;1;0;0;0.0;0.0;2;43;0.0;10;0.0;0
1969;2020-03-01;Abruzzo;3;0;3;2;5;3;3;0;0;0.0;0.0;5;52;0.0;9;0.0;0
1970;2020-03-02;Abruzzo;3;0;3;2;5;0;0;0;0;0.0;0.0;5;52;0.0;0;0.0;0
1971;2020-03-03;Abruzzo;5;0;5;1;6;1;1;0;0;0.0;0.0;6;52;0.0;0;0.0;0
1972;2020-03-04;Abruzzo;7;0;7;0;7;1;1;0;0;0.0;0.0;7;85;0.0;33;0.0;0
1973;2020-03-05;Abruzzo;8;0;8;0;8;1;1;0;0;0.0;0.0;8;96;0.0;11;0.0;0
1974;2020-03-06;Abruzzo;9;0;9;0;9;1;1;0;0;0.0;0.0;9;96;0.0;0;0.0;0
1975;2020-03-07;Abruzzo;11;0;11;0;11;2;2;0;0;0.0;0.0;11;123;0.0;27;0.0;0
1976;2020-03-08;Abruzzo;14;0;14;3;17;6;6;0;0;0.0;0.0;17;163;0.0;40;0.0;0
1977;2020-03-09;Abruzzo;25;0;25;5;30;13;13;0;0;0.0;0.0;30;237;0.0;74;0.0;0
1978;2020-03-10;Abruzzo;17;9;26;11;37;7;8;0;1;0.0;0.0;38;310;0.0;73;0.0;1
1979;2020-03-11;Abruzzo;17;9;26;11;37;0;0;0;1;0.0;0.0;38;310;0.0;0;0.0;0
1980;2020-03-12;Abruzzo;47;12;59;19;78;41;46;4;2;0.0;0.0;84;867;0.0;557;0.0;1
1981;2020-03-13;Abruzzo;42;14;56;27;83;5;5;4;2;0.0;0.0;89;958;0.0;91;0.0;0
1982;2020-03-14;Abruzzo;51;14;65;41;106;23;23;4;2;0.0;0.0;112;1232;0.0;274;0.0;0
1983;2020-03-15;Abruzzo;72;28;100;28;128;22;25;6;3;0.0;0.0;137;1419;0.0;187;0.0;1
1984;2020-03-16;Abruzzo;71;37;108;57;165;37;39;7;4;0.0;0.0;176;1533;0.0;114;0.0;1
1985;2020-03-17;Abruzzo;94;32;126;90;216;51;53;7;6;0.0;0.0;229;1688;0.0;155;0.0;2
1986;2020-03-18;Abruzzo;99;41;140;109;249;33;34;7;7;0.0;0.0;263;2054;0.0;366;0.0;1
1987;2020-03-19;Abruzzo;181;47;228;138;366;117;122;8;11;0.0;0.0;385;2409;0.0;355;0.0;4
1988;2020-03-20;Abruzzo;190;48;238;184;422;56;64;10;17;0.0;0.0;449;2695;0.0;286;0.0;6
1989;2020-03-21;Abruzzo;185;44;229;265;494;72;80;13;22;0.0;0.0;529;3035;0.0;340;0.0;5
1990;2020-03-22;Abruzzo;218;49;267;272;539;45;58;15;33;0.0;0.0;587;3375;0.0;340;0.0;11
1991;2020-03-23;Abruzzo;228;52;280;325;605;66;76;20;38;0.0;0.0;663;3674;0.0;299;0.0;5
1992;2020-03-24;Abruzzo;234;57;291;331;622;17;26;21;46;0.0;0.0;689;4294;0.0;620;0.0;8
1993;2020-03-25;Abruzzo;248;59;307;431;738;116;124;23;52;0.0;0.0;813;4982;0.0;688;0.0;6
1994;2020-03-26;Abruzzo;280;64;344;516;860;122;133;23;63;0.0;0.0;946;5488;0.0;506;0.0;11
1995;2020-03-27;Abruzzo;289;71;360;565;925;65;71;24;68;0.0;0.0;1017;6109;0.0;621;0.0;5
1996;2020-03-28;Abruzzo;311;70;381;646;1027;102;116;30;76;0.0;0.0;1133;7003;0.0;894;0.0;8
1997;2020-03-29;Abruzzo;329;68;397;772;1169;142;160;36;88;0.0;0.0;1293;7730;0.0;727;0.0;12
1998;2020-03-30;Abruzzo;322;69;391;778;1169;0;52;74;102;0.0;0.0;1345;7948;0.0;218;0.0;14
1999;2020-03-31;Abruzzo;335;73;408;783;1191;22;56;95;115;0.0;0.0;1401;8758;0.0;810;0.0;13
2000;2020-04-01;Abruzzo;342;71;413;798;1211;20;35;102;123;0.0;0.0;1436;9610;0.0;852;0.0;8
2001;2020-04-02;Abruzzo;341;75;416;835;1251;40;61;113;133;0.0;0.0;1497;10647;0.0;1037;0.0;10
2002;2020-04-03;Abruzzo;361;76;437;864;1301;50;66;116;146;0.0;0.0;1563;11890;0.0;1243;0.0;13
2003;2020-04-04;Abruzzo;354;71;425;931;1356;55;65;119;153;0.0;0.0;1628;12837;0.0;947;0.0;7
2004;2020-04-05;Abruzzo;347;67;414;1006;1420;64;75;125;158;0.0;0.0;1703;13598;0.0;761;0.0;5
2005;2020-04-06;Abruzzo;340;66;406;1019;1425;5;18;127;169;0.0;0.0;1721;14198;0.0;600;0.0;11
2006;2020-04-07;Abruzzo;337;67;404;1087;1491;66;78;136;172;0.0;0.0;1799;14904;0.0;706;0.0;3
2007;2020-04-08;Abruzzo;331;62;393;1141;1534;43;60;146;179;0.0;0.0;1859;15846;0.0;942;0.0;7
2008;2020-04-09;Abruzzo;306;57;363;1203;1566;32;72;171;194;0.0;0.0;1931;16847;0.0;1001;0.0;15
2009;2020-04-10;Abruzzo;305;53;358;1277;1635;69;83;181;198;0.0;0.0;2014;18088;0.0;1241;0.0;4
2010;2020-04-11;Abruzzo;315;54;369;1355;1724;89;106;190;206;0.0;0.0;2120;19441;0.0;1353;0.0;8
2011;2020-04-12;Abruzzo;346;54;400;1342;1742;18;40;206;212;0.0;0.0;2160;20594;0.0;1153;0.0;6
2012;2020-04-13;Abruzzo;351;54;405;1373;1778;36;53;211;224;0.0;0.0;2213;20667;0.0;73;0.0;12
2013;2020-04-14;Abruzzo;345;52;397;1403;1800;22;32;213;232;0.0;0.0;2245;20935;0.0;268;0.0;8
2014;2020-04-15;Abruzzo;341;44;385;1425;1810;10;29;224;240;0.0;0.0;2274;22500;0.0;1565;0.0;8
2015;2020-04-16;Abruzzo;324;42;366;1484;1850;40;72;253;243;0.0;0.0;2346;23786;0.0;1286;0.0;3
2016;2020-04-17;Abruzzo;319;43;362;1580;1942;92;97;255;246;0.0;0.0;2443;25436;0.0;1650;0.0;3
2017;2020-04-18;Abruzzo;321;41;362;1609;1971;29;44;263;253;0.0;0.0;2487;27016;0.0;1580;0.0;7
2018;2020-04-19;Abruzzo;317;40;357;1630;1987;16;34;276;258;0.0;0.0;2521;27791;22424.0;775;22424.0;5
2019;2020-04-20;Abruzzo;320;38;358;1704;2062;75;91;287;263;0.0;0.0;2612;27942;22552.0;151;128.0;5
2020;2020-04-21;Abruzzo;318;35;353;1714;2067;5;55;329;271;0.0;0.0;2667;29906;23901.0;1964;1349.0;8
2021;2020-04-22;Abruzzo;309;35;344;1764;2108;41;66;349;276;0.0;0.0;2733;30348;24317.0;442;416.0;5
2022;2020-04-23;Abruzzo;322;31;353;1747;2100;-8;52;405;280;0.0;0.0;2785;31187;24751.0;839;434.0;4
2023;2020-04-24;Abruzzo;327;28;355;1724;2079;-21;18;438;286;0.0;0.0;2803;32397;25397.0;1210;646.0;6
2024;2020-04-25;Abruzzo;323;26;349;1712;2061;-18;29;478;293;0.0;0.0;2832;33624;25959.0;1227;562.0;7
2025;2020-04-26;Abruzzo;324;24;348;1720;2068;7;27;496;295;0.0;0.0;2859;33820;26184.0;196;225.0;2
2026;2020-04-27;Abruzzo;328;23;351;1679;2030;-38;15;545;299;0.0;0.0;2874;34176;26443.0;356;259.0;4
2027;2020-04-28;Abruzzo;312;21;333;1657;1990;-40;25;599;310;0.0;0.0;2899;35356;27054.0;1180;611.0;11
2028;2020-04-29;Abruzzo;309;19;328;1648;1976;-14;24;632;315;0.0;0.0;2923;36614;27703.0;1258;649.0;5
2029;2020-04-30;Abruzzo;306;16;322;1593;1915;-61;7;695;320;0.0;0.0;2930;37996;28351.0;1382;648.0;5
2030;2020-05-01;Abruzzo;297;16;313;1598;1911;-4;18;713;324;0.0;0.0;2948;39385;29024.0;1389;673.0;4
2031;2020-05-02;Abruzzo;303;16;319;1560;1879;-32;16;758;327;0.0;0.0;2964;39916;29308.0;531;284.0;3
2032;2020-05-03;Abruzzo;300;16;316;1552;1868;-11;32;798;330;0.0;0.0;2996;40699;29788.0;783;480.0;3
2033;2020-05-04;Abruzzo;301;15;316;1521;1837;-31;4;831;332;0.0;0.0;3000;41108;30047.0;409;259.0;2
2034;2020-05-05;Abruzzo;289;11;300;1509;1809;-28;25;881;335;0.0;0.0;3025;42489;30835.0;1381;788.0;3
2035;2020-05-06;Abruzzo;285;11;296;1495;1791;-18;22;915;341;0.0;0.0;3047;43803;31502.0;1314;667.0;6
2036;2020-05-07;Abruzzo;263;12;275;1495;1770;-21;25;954;348;0.0;0.0;3072;45021;32186.0;1218;684.0;7
2037;2020-05-08;Abruzzo;250;10;260;1453;1713;-57;6;1014;351;0.0;0.0;3078;46103;32619.0;1082;433.0;3
2038;2020-05-09;Abruzzo;246;10;256;1420;1676;-37;8;1055;355;0.0;0.0;3086;47190;33013.0;1087;394.0;4
2039;2020-05-10;Abruzzo;233;10;243;1428;1671;-5;17;1073;359;0.0;0.0;3103;48110;33876.0;920;863.0;4
2040;2020-05-11;Abruzzo;231;9;240;1369;1609;-62;4;1132;366;0.0;0.0;3107;48903;34428.0;793;552.0;7
2041;2020-05-12;Abruzzo;222;8;230;1318;1548;-61;8;1197;370;0.0;0.0;3115;50295;35241.0;1392;813.0;4
2042;2020-05-13;Abruzzo;214;7;221;1268;1489;-59;12;1263;375;0.0;0.0;3127;51361;35898.0;1066;657.0;5
2043;2020-05-14;Abruzzo;215;6;221;1261;1482;-7;9;1275;379;0.0;0.0;3136;52860;36844.0;1499;946.0;4
2044;2020-05-15;Abruzzo;205;6;211;1243;1454;-28;12;1313;381;0.0;0.0;3148;54028;37587.0;1168;743.0;2
2045;2020-05-16;Abruzzo;195;7;202;1221;1423;-31;30;1372;383;0.0;0.0;3178;55672;38681.0;1644;1094.0;2
2046;2020-05-17;Abruzzo;193;6;199;1223;1422;-1;8;1379;385;0.0;0.0;3186;57217;39788.0;1545;1107.0;2
2047;2020-05-18;Abruzzo;191;6;197;1216;1413;-9;7;1392;388;0.0;0.0;3193;57897;40345.0;680;557.0;3
2048;2020-05-19;Abruzzo;188;6;194;1195;1389;-24;4;1419;389;0.0;0.0;3197;58945;41162.0;1048;817.0;1
2049;2020-05-20;Abruzzo;185;6;191;1126;1317;-72;8;1499;389;0.0;0.0;3205;61123;42244.0;2178;1082.0;0
2050;2020-05-21;Abruzzo;175;5;180;1092;1272;-45;7;1549;391;0.0;0.0;3212;62161;42768.0;1038;524.0;2
2051;2020-05-22;Abruzzo;157;4;161;1018;1179;-93;8;1647;394;0.0;0.0;3220;63956;43904.0;1795;1136.0;3
2052;2020-05-23;Abruzzo;156;4;160;1008;1168;-11;1;1659;394;0.0;0.0;3221;65290;44680.0;1334;776.0;0
2053;2020-05-24;Abruzzo;149;3;152;940;1092;-76;5;1736;398;0.0;0.0;3226;66486;45516.0;1196;836.0;4
2054;2020-05-25;Abruzzo;149;3;152;894;1046;-46;1;1781;400;0.0;0.0;3227;67468;46146.0;982;630.0;2
2055;2020-05-26;Abruzzo;142;3;145;764;909;-137;3;1921;400;0.0;0.0;3230;68733;46960.0;1265;814.0;0
2056;2020-05-27;Abruzzo;138;3;141;725;866;-43;5;1969;400;0.0;0.0;3235;70473;48112.0;1740;1152.0;0
2057;2020-05-28;Abruzzo;128;3;131;693;824;-42;2;2011;402;0.0;0.0;3237;71788;49084.0;1315;972.0;2
2058;2020-05-29;Abruzzo;122;3;125;645;770;-54;0;2063;404;0.0;0.0;3237;73301;50043.0;1513;959.0;2
2059;2020-05-30;Abruzzo;122;3;125;645;770;0;0;2063;404;0.0;0.0;3237;73301;50043.0;0;0.0;0
2060;2020-05-31;Abruzzo;104;4;108;667;775;5;7;2064;405;0.0;0.0;3244;75652;50050.0;2351;7.0;1
2061;2020-06-01;Abruzzo;113;6;119;625;744;-31;1;2093;408;0.0;0.0;3245;76924;52646.0;1272;2596.0;3
2062;2020-06-02;Abruzzo;113;6;119;624;743;-1;4;2093;413;0.0;0.0;3249;77892;53279.0;968;633.0;5
2063;2020-06-03;Abruzzo;112;3;115;621;736;-7;3;2102;414;0.0;0.0;3252;78356;53555.0;464;276.0;1
2064;2020-06-04;Abruzzo;109;3;112;592;704;-32;3;2136;415;0.0;0.0;3255;79720;54527.0;1364;972.0;1
2065;2020-06-05;Abruzzo;103;4;107;563;670;-34;2;2172;415;0.0;0.0;3257;80972;55295.0;1252;768.0;0
2066;2020-06-06;Abruzzo;96;3;99;554;653;-17;1;2187;418;0.0;0.0;3258;82332;56223.0;1360;928.0;3
2067;2020-06-07;Abruzzo;88;4;92;561;653;0;7;2194;418;0.0;0.0;3265;83020;56702.0;688;479.0;0
2068;2020-06-08;Abruzzo;89;4;93;539;632;-21;0;2215;418;0.0;0.0;3265;83715;57165.0;695;463.0;0
2069;2020-06-09;Abruzzo;91;4;95;472;567;-65;1;2248;451;0.0;0.0;3266;84700;57880.0;985;715.0;33
2070;2020-06-10;Abruzzo;83;5;88;462;550;-17;0;2263;453;0.0;0.0;3266;86082;58766.0;1382;886.0;2
2071;2020-06-11;Abruzzo;81;5;86;453;539;-11;1;2275;453;0.0;0.0;3267;87566;59505.0;1484;739.0;0
2072;2020-06-12;Abruzzo;76;4;80;448;528;-11;4;2290;453;0.0;0.0;3271;88739;60229.0;1173;724.0;0
2073;2020-06-13;Abruzzo;72;4;76;433;509;-19;4;2312;454;0.0;0.0;3275;90340;61177.0;1601;948.0;1
2074;2020-06-14;Abruzzo;71;4;75;436;511;2;4;2312;456;0.0;0.0;3279;91445;61873.0;1105;696.0;2
2075;2020-06-15;Abruzzo;71;3;74;412;486;-25;0;2337;456;0.0;0.0;3279;91700;62048.0;255;175.0;0
2076;2020-06-16;Abruzzo;67;3;70;398;468;-18;1;2355;457;0.0;0.0;3280;92874;62709.0;1174;661.0;1
2077;2020-06-17;Abruzzo;61;2;63;375;438;-30;2;2386;457;0.0;0.0;3281;94391;63630.0;1517;921.0;0
2078;2020-06-18;Abruzzo;58;2;60;374;434;-4;2;2389;458;0.0;0.0;3281;95546;64327.0;1155;697.0;1
2079;2020-06-19;Abruzzo;53;1;54;353;407;-27;1;2414;459;0.0;0.0;3280;96581;64987.0;1035;660.0;1
2080;2020-06-20;Abruzzo;49;3;52;352;404;-3;1;2418;459;0.0;0.0;3281;97625;65606.0;1044;619.0;0
2081;2020-06-21;Abruzzo;50;3;53;350;403;-1;0;2419;459;0.0;0.0;3281;98708;66342.0;1083;736.0;0
2082;2020-06-22;Abruzzo;49;3;52;342;394;-9;1;2428;460;0.0;0.0;3282;98872;66466.0;164;124.0;1
2083;2020-06-23;Abruzzo;46;3;49;342;391;-3;0;2431;460;0.0;0.0;3282;99976;67151.0;1104;685.0;0
2084;2020-06-24;Abruzzo;41;2;43;335;378;-13;1;2444;461;0.0;0.0;3283;100918;67617.0;942;466.0;1
2085;2020-06-25;Abruzzo;32;2;34;337;371;-7;1;2452;461;3113.0;171.0;3284;101814;68098.0;896;481.0;0
2086;2020-06-26;Abruzzo;30;2;32;326;358;-13;1;2466;461;3112.0;173.0;3285;102606;68584.0;792;486.0;0
2087;2020-06-27;Abruzzo;31;2;33;304;337;-21;0;2487;461;3111.0;174.0;3285;103771;69214.0;1165;630.0;0
2088;2020-06-28;Abruzzo;28;2;30;254;284;-53;1;2540;462;3102.0;184.0;3286;104558;69720.0;787;506.0;1
2089;2020-06-29;Abruzzo;28;2;30;252;282;-2;1;2543;462;3102.0;185.0;3287;104822;69874.0;264;154.0;0
2090;2020-06-30;Abruzzo;33;0;33;164;197;-85;0;2626;464;3100.0;187.0;3287;105653;70443.0;831;569.0;2
2091;2020-07-01;Abruzzo;32;0;32;138;170;-27;2;2655;464;3099.0;190.0;3289;106350;70898.0;697;455.0;0
2092;2020-07-02;Abruzzo;28;0;28;132;160;-10;3;2668;464;3102.0;190.0;3292;107535;71520.0;1185;622.0;0
2093;2020-07-03;Abruzzo;27;0;27;129;156;-4;6;2678;464;3104.0;194.0;3298;108363;71976.0;828;456.0;0
2094;2020-07-04;Abruzzo;28;0;28;131;159;3;7;2682;464;3108.0;197.0;3305;109379;72652.0;1016;676.0;0
2095;2020-07-05;Abruzzo;30;0;30;133;163;4;4;2682;464;3107.0;202.0;3309;110052;73142.0;673;490.0;0
2096;2020-07-06;Abruzzo;30;0;30;126;156;-7;0;2689;464;3106.0;203.0;3309;110126;73199.0;74;57.0;0
2097;2020-07-07;Abruzzo;28;0;28;125;153;-3;0;2692;464;3106.0;203.0;3309;110863;73722.0;737;523.0;0
2098;2020-07-08;Abruzzo;27;0;27;118;145;-8;1;2701;464;3104.0;206.0;3310;111752;74235.0;889;513.0;0
2099;2020-07-09;Abruzzo;26;0;26;121;147;2;8;2707;464;3112.0;206.0;3318;112505;74697.0;753;462.0;0
2100;2020-07-10;Abruzzo;26;0;26;122;148;1;3;2709;464;3112.0;209.0;3321;113388;75231.0;883;534.0;0
2101;2020-07-11;Abruzzo;25;0;25;122;147;-1;2;2712;464;3113.0;210.0;3323;114219;75741.0;831;510.0;0
2102;2020-07-12;Abruzzo;22;0;22;128;150;3;5;2713;465;3116.0;212.0;3328;115119;76203.0;900;462.0;1
2103;2020-07-13;Abruzzo;19;0;19;124;143;-7;0;2719;466;3113.0;215.0;3328;115176;76243.0;57;40.0;1
2104;2020-07-14;Abruzzo;19;0;19;102;121;-22;0;2740;467;3113.0;215.0;3328;115444;76420.0;268;177.0;1
2105;2020-07-15;Abruzzo;17;0;17;107;124;3;3;2740;467;3113.0;218.0;3331;116253;76907.0;809;487.0;0
2106;2020-07-16;Abruzzo;17;0;17;103;120;-4;2;2745;468;3115.0;218.0;3333;117027;77425.0;774;518.0;1
2107;2020-07-17;Abruzzo;17;0;17;102;119;-1;1;2747;468;3116.0;218.0;3334;117780;77893.0;753;468.0;0
2108;2020-07-18;Abruzzo;15;0;15;102;117;-2;1;2750;468;3113.0;222.0;3335;118745;78469.0;965;576.0;0
2109;2020-07-19;Abruzzo;14;0;14;103;117;0;1;2751;468;3113.0;223.0;3336;119504;78949.0;759;480.0;0
2110;2020-07-20;Abruzzo;13;0;13;108;121;4;6;2753;468;3117.0;225.0;3342;119651;79070.0;147;121.0;0
2111;2020-07-21;Abruzzo;12;0;12;104;116;-5;2;2758;470;3119.0;225.0;3344;120227;79463.0;576;393.0;2
2112;2020-07-22;Abruzzo;8;1;9;100;109;-7;0;2763;470;3117.0;225.0;3342;120967;79901.0;740;438.0;0
2113;2020-07-23;Abruzzo;8;2;10;105;115;6;10;2767;470;3125.0;227.0;3352;122303;80636.0;1336;735.0;0
2114;2020-02-24;P.A. Bolzano;0;0;0;0;0;0;0;0;0;0.0;0.0;0;1;0.0;1;0.0;0
2115;2020-02-25;P.A. Bolzano;1;0;1;0;1;1;1;0;0;0.0;0.0;1;1;0.0;0;0.0;0
2116;2020-02-26;P.A. Bolzano;1;0;1;0;1;0;0;0;0;0.0;0.0;1;1;0.0;0;0.0;0
2117;2020-02-27;P.A. Bolzano;1;0;1;0;1;0;0;0;0;0.0;0.0;1;2;0.0;1;0.0;0
2118;2020-02-28;P.A. Bolzano;1;0;1;0;1;0;0;0;0;0.0;0.0;1;2;0.0;0;0.0;0
2119;2020-02-29;P.A. Bolzano;1;0;1;0;1;0;0;0;0;0.0;0.0;1;16;0.0;14;0.0;0
2120;2020-03-01;P.A. Bolzano;1;0;1;0;1;0;0;0;0;0.0;0.0;1;20;0.0;4;0.0;0
2121;2020-03-02;P.A. Bolzano;1;0;1;0;1;0;0;0;0;0.0;0.0;1;20;0.0;0;0.0;0
2122;2020-03-03;P.A. Bolzano;1;0;1;0;1;0;0;0;0;0.0;0.0;1;20;0.0;0;0.0;0
2123;2020-03-04;P.A. Bolzano;1;0;1;0;1;0;0;0;0;0.0;0.0;1;20;0.0;0;0.0;0
2124;2020-03-05;P.A. Bolzano;1;0;1;0;1;0;0;0;0;0.0;0.0;1;20;0.0;0;0.0;0
2125;2020-03-06;P.A. Bolzano;4;0;4;0;4;3;3;0;0;0.0;0.0;4;36;0.0;16;0.0;0
2126;2020-03-07;P.A. Bolzano;8;0;8;1;9;5;5;0;0;0.0;0.0;9;36;0.0;0;0.0;0
2127;2020-03-08;P.A. Bolzano;8;0;8;1;9;0;0;0;0;0.0;0.0;9;36;0.0;0;0.0;0
2128;2020-03-09;P.A. Bolzano;8;0;8;1;9;0;0;0;0;0.0;0.0;9;36;0.0;0;0.0;0
2129;2020-03-10;P.A. Bolzano;17;1;18;20;38;29;29;0;0;0.0;0.0;38;36;0.0;0;0.0;0
2130;2020-03-11;P.A. Bolzano;8;4;12;63;75;37;37;0;0;0.0;0.0;75;75;0.0;39;0.0;0
2131;2020-03-12;P.A. Bolzano;21;4;25;78;103;28;29;0;1;0.0;0.0;104;607;0.0;532;0.0;1
2132;2020-03-13;P.A. Bolzano;20;5;25;98;123;20;21;0;2;0.0;0.0;125;811;0.0;204;0.0;1
2133;2020-03-14;P.A. Bolzano;26;7;33;137;170;47;48;0;3;0.0;0.0;173;1135;0.0;324;0.0;1
2134;2020-03-15;P.A. Bolzano;50;4;54;145;199;29;31;0;5;0.0;0.0;204;1497;0.0;362;0.0;2
2135;2020-03-16;P.A. Bolzano;53;11;64;171;235;36;37;0;6;0.0;0.0;241;1740;0.0;243;0.0;1
2136;2020-03-17;P.A. Bolzano;71;11;82;200;282;47;50;1;8;0.0;0.0;291;2149;0.0;409;0.0;2
2137;2020-03-18;P.A. Bolzano;79;18;97;269;366;84;85;1;9;0.0;0.0;376;2844;0.0;695;0.0;1
2138;2020-03-19;P.A. Bolzano;87;18;105;316;421;55;60;1;14;0.0;0.0;436;3568;0.0;724;0.0;5
2139;2020-03-20;P.A. Bolzano;99;24;123;407;530;109;112;1;17;0.0;0.0;548;4433;0.0;865;0.0;3
2140;2020-03-21;P.A. Bolzano;127;30;157;443;600;70;73;1;20;0.0;0.0;621;5179;0.0;746;0.0;3
2141;2020-03-22;P.A. Bolzano;146;32;178;470;648;48;57;7;23;0.0;0.0;678;5718;0.0;539;0.0;3
2142;2020-03-23;P.A. Bolzano;145;33;178;510;688;40;46;7;29;0.0;0.0;724;6084;0.0;366;0.0;6
2143;2020-03-24;P.A. Bolzano;166;38;204;495;699;11;57;44;38;0.0;0.0;781;6509;0.0;425;0.0;9
2144;2020-03-25;P.A. Bolzano;190;40;230;518;748;49;77;67;43;0.0;0.0;858;6649;0.0;140;0.0;5
2145;2020-03-26;P.A. Bolzano;223;43;266;525;791;43;48;67;48;0.0;0.0;906;7744;0.0;1095;0.0;5
2146;2020-03-27;P.A. Bolzano;249;45;294;539;833;42;97;110;60;0.0;0.0;1003;8520;0.0;776;0.0;12
2147;2020-03-28;P.A. Bolzano;225;51;276;653;929;96;106;116;64;0.0;0.0;1109;9168;0.0;648;0.0;4
2148;2020-03-29;P.A. Bolzano;234;56;290;744;1034;105;105;116;64;0.0;0.0;1214;10137;0.0;969;0.0;0
2149;2020-03-30;P.A. Bolzano;231;62;293;805;1098;64;111;153;74;0.0;0.0;1325;10640;0.0;503;0.0;10
2150;2020-03-31;P.A. Bolzano;249;62;311;831;1142;44;46;153;76;0.0;0.0;1371;11275;0.0;635;0.0;2
2151;2020-04-01;P.A. Bolzano;269;57;326;786;1112;-30;47;190;116;0.0;0.0;1418;11951;0.0;676;0.0;40
2152;2020-04-02;P.A. Bolzano;279;60;339;821;1160;48;61;190;129;0.0;0.0;1479;12677;0.0;726;0.0;13
2153;2020-04-03;P.A. Bolzano;291;60;351;858;1209;49;80;211;139;0.0;0.0;1559;13976;0.0;1299;0.0;10
2154;2020-04-04;P.A. Bolzano;291;61;352;849;1201;-8;33;245;146;0.0;0.0;1592;15045;0.0;1069;0.0;7
2155;2020-04-05;P.A. Bolzano;239;53;292;934;1226;25;52;260;158;0.0;0.0;1644;15723;0.0;678;0.0;12
2156;2020-04-06;P.A. Bolzano;245;52;297;963;1260;34;78;298;164;0.0;0.0;1722;16825;0.0;1102;0.0;6
2157;2020-04-07;P.A. Bolzano;325;64;389;912;1301;41;89;336;174;0.0;0.0;1811;17761;0.0;936;0.0;10
2158;2020-04-08;P.A. Bolzano;268;65;333;948;1281;-20;24;371;183;0.0;0.0;1835;18865;0.0;1104;0.0;9
2159;2020-04-09;P.A. Bolzano;263;64;327;988;1315;34;68;401;187;0.0;0.0;1903;19875;0.0;1010;0.0;4
2160;2020-04-10;P.A. Bolzano;258;58;316;1001;1317;2;52;447;191;0.0;0.0;1955;20866;0.0;991;0.0;4
2161;2020-04-11;P.A. Bolzano;246;56;302;967;1269;-48;2;488;200;0.0;0.0;1957;22186;0.0;1320;0.0;9
2162;2020-04-12;P.A. Bolzano;183;45;228;1287;1515;246;141;378;205;0.0;0.0;2098;23246;0.0;1060;0.0;5
2163;2020-04-13;P.A. Bolzano;190;41;231;1306;1537;22;51;400;212;0.0;0.0;2149;24157;0.0;911;0.0;7
2164;2020-04-14;P.A. Bolzano;177;39;216;1348;1564;27;35;406;214;0.0;0.0;2184;24457;0.0;300;0.0;2
2165;2020-04-15;P.A. Bolzano;166;32;198;1378;1576;12;40;425;223;0.0;0.0;2224;25370;0.0;913;0.0;9
2166;2020-04-16;P.A. Bolzano;180;34;214;1379;1593;17;43;449;225;0.0;0.0;2267;26416;0.0;1046;0.0;2
2167;2020-04-17;P.A. Bolzano;181;32;213;1369;1582;-11;29;480;234;0.0;0.0;2296;27698;0.0;1282;0.0;9
2168;2020-04-18;P.A. Bolzano;179;28;207;1349;1556;-26;29;530;239;0.0;0.0;2325;28888;0.0;1190;0.0;5
2169;2020-04-19;P.A. Bolzano;162;23;185;1381;1566;10;55;569;245;0.0;0.0;2380;30361;14783.0;1473;14783.0;6
2170;2020-04-20;P.A. Bolzano;160;19;179;1361;1540;-26;14;605;249;0.0;0.0;2394;31381;15089.0;1020;306.0;4
2171;2020-04-21;P.A. Bolzano;159;20;179;1357;1536;-4;16;623;251;0.0;0.0;2410;31987;15405.0;606;316.0;2
2172;2020-04-22;P.A. Bolzano;157;19;176;1336;1512;-24;6;648;256;0.0;0.0;2416;32722;15736.0;735;331.0;5
2173;2020-04-23;P.A. Bolzano;141;17;158;1336;1494;-18;19;680;261;0.0;0.0;2435;33994;16442.0;1272;706.0;5
2174;2020-04-24;P.A. Bolzano;148;16;164;929;1093;-401;21;1100;263;0.0;0.0;2456;35062;17024.0;1068;582.0;2
2175;2020-04-25;P.A. Bolzano;141;14;155;880;1035;-58;20;1176;265;0.0;0.0;2476;36608;17573.0;1546;549.0;2
2176;2020-04-26;P.A. Bolzano;138;14;152;842;994;-41;5;1218;269;0.0;0.0;2481;37431;17895.0;823;322.0;4
2177;2020-04-27;P.A. Bolzano;150;16;166;774;940;-54;15;1286;270;0.0;0.0;2496;38640;18423.0;1209;528.0;1
2178;2020-04-28;P.A. Bolzano;136;15;151;759;910;-30;2;1316;272;0.0;0.0;2498;39130;18567.0;490;144.0;2
2179;2020-04-29;P.A. Bolzano;119;14;133;712;845;-65;9;1388;274;0.0;0.0;2507;40218;18844.0;1088;277.0;2
2180;2020-04-30;P.A. Bolzano;126;13;139;663;802;-43;11;1441;275;0.0;0.0;2518;41297;19178.0;1079;334.0;1
2181;2020-05-01;P.A. Bolzano;112;11;123;634;757;-45;10;1493;278;0.0;0.0;2528;42903;19705.0;1606;527.0;3
2182;2020-05-02;P.A. Bolzano;113;10;123;580;703;-54;7;1553;279;0.0;0.0;2535;43804;20036.0;901;331.0;1
2183;2020-05-03;P.A. Bolzano;109;11;120;545;665;-38;1;1590;281;0.0;0.0;2536;44240;20166.0;436;130.0;2
2184;2020-05-04;P.A. Bolzano;103;10;113;523;636;-29;5;1621;284;0.0;0.0;2541;44673;20333.0;433;167.0;3
2185;2020-05-05;P.A. Bolzano;99;11;110;502;612;-24;1;1644;286;0.0;0.0;2542;45264;20561.0;591;228.0;2
2186;2020-05-06;P.A. Bolzano;99;11;110;469;579;-33;1;1678;286;0.0;0.0;2543;46228;20872.0;964;311.0;0
2187;2020-05-07;P.A. Bolzano;87;11;98;453;551;-28;9;1715;286;0.0;0.0;2552;47091;21284.0;863;412.0;0
2188;2020-05-08;P.A. Bolzano;78;9;87;415;502;-49;6;1767;289;0.0;0.0;2558;47908;21572.0;817;288.0;3
2189;2020-05-09;P.A. Bolzano;55;9;64;409;473;-29;9;1804;290;0.0;0.0;2567;48858;21969.0;950;397.0;1
2190;2020-05-10;P.A. Bolzano;61;8;69;390;459;-14;2;1820;290;0.0;0.0;2569;49571;22265.0;713;296.0;0
2191;2020-05-11;P.A. Bolzano;63;7;70;377;447;-12;3;1835;290;0.0;0.0;2572;50019;22500.0;448;235.0;0
2192;2020-05-12;P.A. Bolzano;56;7;63;374;437;-10;0;1845;290;0.0;0.0;2572;50381;22731.0;362;231.0;0
2193;2020-05-13;P.A. Bolzano;56;7;63;350;413;-24;3;1872;290;0.0;0.0;2575;51181;23120.0;800;389.0;0
2194;2020-05-14;P.A. Bolzano;54;7;61;319;380;-33;3;1908;290;0.0;0.0;2578;52015;23487.0;834;367.0;0
2195;2020-05-15;P.A. Bolzano;50;5;55;304;359;-21;0;1929;290;0.0;0.0;2578;52939;23969.0;924;482.0;0
2196;2020-05-16;P.A. Bolzano;48;5;53;290;343;-16;0;1945;290;0.0;0.0;2578;53703;24316.0;764;347.0;0
2197;2020-05-17;P.A. Bolzano;50;5;55;259;314;-29;3;1977;290;0.0;0.0;2581;54428;24677.0;725;361.0;0
2198;2020-05-18;P.A. Bolzano;52;6;58;249;307;-7;1;1984;291;0.0;0.0;2582;54861;24930.0;433;253.0;1
2199;2020-05-19;P.A. Bolzano;46;6;52;256;308;1;5;1988;291;0.0;0.0;2587;55526;25263.0;665;333.0;0
2200;2020-05-20;P.A. Bolzano;43;5;48;224;272;-36;0;2024;291;0.0;0.0;2587;56310;25601.0;784;338.0;0
2201;2020-05-21;P.A. Bolzano;50;5;55;195;250;-22;0;2046;291;0.0;0.0;2587;57104;25999.0;794;398.0;0
2202;2020-05-22;P.A. Bolzano;34;5;39;185;224;-26;3;2075;291;0.0;0.0;2590;58188;26585.0;1084;586.0;0
2203;2020-05-23;P.A. Bolzano;35;5;40;174;214;-10;0;2085;291;0.0;0.0;2590;59671;27549.0;1483;964.0;0
2204;2020-05-24;P.A. Bolzano;30;5;35;160;195;-19;3;2107;291;0.0;0.0;2593;60573;27938.0;902;389.0;0
2205;2020-05-25;P.A. Bolzano;29;5;34;150;184;-11;0;2118;291;0.0;0.0;2593;61075;28189.0;502;251.0;0
2206;2020-05-26;P.A. Bolzano;28;5;33;146;179;-5;0;2123;291;0.0;0.0;2593;61464;28401.0;389;212.0;0
2207;2020-05-27;P.A. Bolzano;27;5;32;139;171;-8;0;2131;291;0.0;0.0;2593;62247;28809.0;783;408.0;0
2208;2020-05-28;P.A. Bolzano;16;5;21;136;157;-14;2;2147;291;0.0;0.0;2595;63289;28809.0;1042;0.0;0
2209;2020-05-29;P.A. Bolzano;17;5;22;132;154;-3;0;2150;291;0.0;0.0;2595;64105;29680.0;816;871.0;0
2210;2020-05-30;P.A. Bolzano;13;4;17;120;137;-17;1;2168;291;0.0;0.0;2596;65405;30308.0;1300;628.0;0
2211;2020-05-31;P.A. Bolzano;13;4;17;110;127;-10;1;2179;291;0.0;0.0;2597;66247;30790.0;842;482.0;0
2212;2020-06-01;P.A. Bolzano;13;4;17;106;123;-4;1;2184;291;0.0;0.0;2598;67121;31254.0;874;464.0;0
2213;2020-06-02;P.A. Bolzano;13;3;16;104;120;-3;0;2187;291;0.0;0.0;2598;67643;31610.0;522;356.0;0
2214;2020-06-03;P.A. Bolzano;13;3;16;104;120;0;0;2187;291;0.0;0.0;2598;67965;31800.0;322;190.0;0
2215;2020-06-04;P.A. Bolzano;7;2;9;103;112;-8;0;2194;292;0.0;0.0;2598;68513;32135.0;548;335.0;1
2216;2020-06-05;P.A. Bolzano;10;2;12;89;101;-11;1;2206;292;0.0;0.0;2599;69466;32665.0;953;530.0;0
2217;2020-06-06;P.A. Bolzano;7;2;9;91;100;-1;1;2208;292;0.0;0.0;2600;70578;33291.0;1112;626.0;0
2218;2020-06-07;P.A. Bolzano;7;2;9;88;97;-3;3;2214;292;0.0;0.0;2603;71755;33944.0;1177;653.0;0
2219;2020-06-08;P.A. Bolzano;7;2;9;88;97;0;1;2215;292;0.0;0.0;2604;72257;34307.0;502;363.0;0
2220;2020-06-09;P.A. Bolzano;7;2;9;86;95;-2;0;2217;292;0.0;0.0;2604;72652;34607.0;395;300.0;0
2221;2020-06-10;P.A. Bolzano;7;2;9;85;94;-1;0;2218;292;0.0;0.0;2604;73404;35148.0;752;541.0;0
2222;2020-06-11;P.A. Bolzano;8;2;10;89;99;5;2;2215;292;0.0;0.0;2606;74106;35553.0;702;405.0;0
2223;2020-06-12;P.A. Bolzano;8;2;10;91;101;2;2;2216;291;0.0;0.0;2608;74859;35974.0;753;421.0;-1
2224;2020-06-13;P.A. Bolzano;7;2;9;86;95;-6;2;2224;291;0.0;0.0;2610;75735;36393.0;876;419.0;0
2225;2020-06-14;P.A. Bolzano;8;2;10;85;95;0;3;2227;291;0.0;0.0;2613;76195;36607.0;460;214.0;0
2226;2020-06-15;P.A. Bolzano;8;1;9;85;94;-1;0;2225;292;0.0;0.0;2611;76345;36698.0;150;91.0;1
2227;2020-06-16;P.A. Bolzano;8;1;9;84;93;-1;0;2226;292;0.0;0.0;2611;76661;36931.0;316;233.0;0
2228;2020-06-17;P.A. Bolzano;8;1;9;78;87;-6;0;2232;292;0.0;0.0;2611;77230;37210.0;569;279.0;0
2229;2020-06-18;P.A. Bolzano;8;2;10;75;85;-2;2;2236;292;0.0;0.0;2613;77954;37563.0;724;353.0;0
2230;2020-06-19;P.A. Bolzano;3;1;4;71;75;-10;2;2248;292;0.0;0.0;2615;78580;37858.0;626;295.0;0
2231;2020-06-20;P.A. Bolzano;3;1;4;72;76;1;0;2250;292;0.0;0.0;2618;79333;38276.0;753;418.0;0
2232;2020-06-21;P.A. Bolzano;4;1;5;70;75;-1;4;2255;292;0.0;0.0;2622;79863;38519.0;530;243.0;0
2233;2020-06-22;P.A. Bolzano;4;1;5;84;89;14;11;2252;292;0.0;0.0;2633;80085;38636.0;222;117.0;0
2234;2020-06-23;P.A. Bolzano;3;1;4;85;89;0;0;2252;292;0.0;0.0;2633;80538;38949.0;453;313.0;0
2235;2020-06-24;P.A. Bolzano;3;1;4;86;90;1;1;2252;292;0.0;0.0;2634;81017;39241.0;479;292.0;0
2236;2020-06-25;P.A. Bolzano;3;1;4;83;87;-3;0;2255;292;2634.0;0.0;2634;81847;39601.0;830;360.0;0
2237;2020-06-26;P.A. Bolzano;3;1;4;81;85;-2;0;2257;292;2634.0;0.0;2634;82441;39893.0;594;292.0;0
2238;2020-06-27;P.A. Bolzano;4;1;5;82;87;2;2;2257;292;2636.0;0.0;2636;83040;40235.0;599;342.0;0
2239;2020-06-28;P.A. Bolzano;3;1;4;81;85;-2;1;2260;292;2637.0;0.0;2637;83445;40487.0;405;252.0;0
2240;2020-06-29;P.A. Bolzano;2;1;3;82;85;0;2;2262;292;2639.0;0.0;2639;83729;40655.0;284;168.0;0
2241;2020-06-30;P.A. Bolzano;3;1;4;80;84;-1;0;2263;292;2639.0;0.0;2639;84172;40961.0;443;306.0;0
2242;2020-07-01;P.A. Bolzano;3;1;4;80;84;0;3;2266;292;2642.0;0.0;2642;84846;41389.0;674;428.0;0
2243;2020-07-02;P.A. Bolzano;3;0;3;81;84;0;0;2266;292;2642.0;0.0;2642;85423;41686.0;577;297.0;0
2244;2020-07-03;P.A. Bolzano;3;0;3;80;83;-1;0;2267;292;2642.0;0.0;2642;85938;42017.0;515;331.0;0
2245;2020-07-04;P.A. Bolzano;3;0;3;82;85;2;3;2268;292;2645.0;0.0;2645;86556;42385.0;618;368.0;0
2246;2020-07-05;P.A. Bolzano;3;0;3;82;85;0;2;2270;292;2647.0;0.0;2647;87236;42772.0;680;387.0;0
2247;2020-07-06;P.A. Bolzano;3;0;3;80;83;-2;0;2272;292;2647.0;0.0;2647;87392;42875.0;156;103.0;0
2248;2020-07-07;P.A. Bolzano;3;0;3;80;83;0;1;2273;292;2648.0;0.0;2648;87774;43059.0;382;184.0;0
2249;2020-07-08;P.A. Bolzano;6;0;6;77;83;0;2;2275;292;2650.0;0.0;2650;88462;43534.0;688;475.0;0
2250;2020-07-09;P.A. Bolzano;6;0;6;78;84;1;3;2277;292;2653.0;0.0;2653;89077;43847.0;615;313.0;0
2251;2020-07-10;P.A. Bolzano;6;0;6;80;86;2;5;2280;292;2658.0;0.0;2658;89711;44223.0;634;376.0;0
2252;2020-07-11;P.A. Bolzano;6;0;6;76;82;-4;3;2287;292;2661.0;0.0;2661;90420;44844.0;709;621.0;0
2253;2020-07-12;P.A. Bolzano;6;0;6;82;88;6;5;2286;292;2666.0;0.0;2666;91166;45318.0;746;474.0;0
2254;2020-07-13;P.A. Bolzano;6;0;6;89;95;7;7;2286;292;2673.0;0.0;2673;91340;45433.0;174;115.0;0
2255;2020-07-14;P.A. Bolzano;6;0;6;89;95;0;1;2287;292;2674.0;0.0;2674;92044;46009.0;704;576.0;0
2256;2020-07-15;P.A. Bolzano;6;0;6;91;97;2;3;2288;292;2677.0;0.0;2677;93003;46587.0;959;578.0;0
2257;2020-07-16;P.A. Bolzano;6;0;6;94;100;3;1;2286;292;2678.0;0.0;2678;93770;47161.0;767;574.0;0
2258;2020-07-17;P.A. Bolzano;6;0;6;95;101;1;4;2289;292;2682.0;0.0;2682;94576;47745.0;806;584.0;0
2259;2020-07-18;P.A. Bolzano;6;0;6;95;101;0;1;2290;292;2683.0;0.0;2683;95499;48340.0;923;595.0;0
2260;2020-07-19;P.A. Bolzano;6;0;6;95;101;0;1;2291;292;2684.0;0.0;2684;96130;48617.0;631;277.0;0
2261;2020-07-20;P.A. Bolzano;6;0;6;94;100;-1;0;2292;292;2684.0;0.0;2684;96471;48867.0;341;250.0;0
2262;2020-07-21;P.A. Bolzano;6;0;6;93;99;-1;1;2294;292;2685.0;0.0;2685;96840;49079.0;369;212.0;0
2263;2020-07-22;P.A. Bolzano;6;0;6;90;96;-3;0;2297;292;2685.0;0.0;2685;97639;49628.0;799;549.0;0
2264;2020-07-23;P.A. Bolzano;6;0;6;83;89;-7;1;2305;292;2686.0;0.0;2686;98178;49882.0;539;254.0;0
2265;2020-02-24;Lombardia;76;19;95;71;166;0;166;0;6;0.0;0.0;172;1463;0.0;1463;0.0;6
2266;2020-02-25;Lombardia;79;25;104;127;231;65;68;0;9;0.0;0.0;240;3700;0.0;2237;0.0;3
2267;2020-02-26;Lombardia;79;25;104;145;249;18;18;0;9;0.0;0.0;258;3208;0.0;-492;0.0;0
2268;2020-02-27;Lombardia;172;41;213;136;349;100;145;40;14;0.0;0.0;403;3320;0.0;112;0.0;5
2269;2020-02-28;Lombardia;235;47;282;192;474;125;128;40;17;0.0;0.0;531;4835;0.0;1515;0.0;3
2270;2020-02-29;Lombardia;256;80;336;216;552;78;84;40;23;0.0;0.0;615;5723;0.0;888;0.0;6
2271;2020-03-01;Lombardia;406;106;512;375;887;335;369;73;24;0.0;0.0;984;6879;0.0;1156;0.0;1
2272;2020-03-02;Lombardia;478;127;605;472;1077;190;270;139;38;0.0;0.0;1254;7925;0.0;1046;0.0;14
2273;2020-03-03;Lombardia;698;167;865;461;1326;249;266;139;55;0.0;0.0;1520;9577;0.0;1652;0.0;17
2274;2020-03-04;Lombardia;877;209;1086;411;1497;171;300;250;73;0.0;0.0;1820;12138;0.0;2561;0.0;18
2275;2020-03-05;Lombardia;1169;244;1413;364;1777;280;431;376;98;0.0;0.0;2251;12354;0.0;216;0.0;25
2276;2020-03-06;Lombardia;1622;309;1931;77;2008;231;361;469;135;0.0;0.0;2612;13556;0.0;1202;0.0;37
2277;2020-03-07;Lombardia;1661;359;2020;722;2742;734;808;524;154;0.0;0.0;3420;15778;0.0;2222;0.0;19
2278;2020-03-08;Lombardia;2217;399;2616;756;3372;630;769;550;267;0.0;0.0;4189;18534;0.0;2756;0.0;113
2279;2020-03-09;Lombardia;2802;440;3242;1248;4490;1118;1280;646;333;0.0;0.0;5469;20135;0.0;1601;0.0;66
2280;2020-03-10;Lombardia;3319;466;3785;642;4427;-63;322;896;468;0.0;0.0;5791;21479;0.0;1344;0.0;135
2281;2020-03-11;Lombardia;3852;560;4412;1351;5763;1336;1489;900;617;0.0;0.0;7280;25629;0.0;4150;0.0;149
2282;2020-03-12;Lombardia;4247;605;4852;2044;6896;1133;1445;1085;744;0.0;0.0;8725;29534;0.0;3905;0.0;127
2283;2020-03-13;Lombardia;4435;650;5085;2647;7732;836;1095;1198;890;0.0;0.0;9820;32700;0.0;3166;0.0;146
2284;2020-03-14;Lombardia;4898;732;5630;3429;9059;1327;1865;1660;966;0.0;0.0;11685;37138;0.0;4438;0.0;76
2285;2020-03-15;Lombardia;5500;767;6267;3776;10043;984;1587;2011;1218;0.0;0.0;13272;40369;0.0;3231;0.0;252
2286;2020-03-16;Lombardia;6171;823;6994;3867;10861;818;1377;2368;1420;0.0;0.0;14649;43565;0.0;3196;0.0;202
2287;2020-03-17;Lombardia;6953;879;7832;4263;12095;1234;1571;2485;1640;0.0;0.0;16220;46449;0.0;2884;0.0;220
2288;2020-03-18;Lombardia;7285;924;8209;4057;12266;171;1493;3488;1959;0.0;0.0;17713;48983;0.0;2534;0.0;319
2289;2020-03-19;Lombardia;7387;1006;8393;5545;13938;1672;2171;3778;2168;0.0;0.0;19884;52244;0.0;3261;0.0;209
2290;2020-03-20;Lombardia;7735;1050;8785;6635;15420;1482;2380;4295;2549;0.0;0.0;22264;57174;0.0;4930;0.0;381
2291;2020-03-21;Lombardia;8258;1093;9351;8019;17370;1950;3251;5050;3095;0.0;0.0;25515;66730;0.0;9556;0.0;546
2292;2020-03-22;Lombardia;9439;1142;10581;7304;17885;515;1691;5865;3456;0.0;0.0;27206;70598;0.0;3868;0.0;361
2293;2020-03-23;Lombardia;9266;1183;10449;8461;18910;1025;1555;6075;3776;0.0;0.0;28761;73242;0.0;2644;0.0;320
2294;2020-03-24;Lombardia;9711;1194;10905;8963;19868;958;1942;6657;4178;0.0;0.0;30703;76695;0.0;3453;0.0;402
2295;2020-03-25;Lombardia;10026;1236;11262;9329;20591;723;1643;7281;4474;0.0;0.0;32346;81666;0.0;4971;0.0;296
2296;2020-03-26;Lombardia;10681;1263;11944;10245;22189;1598;2543;7839;4861;0.0;0.0;34889;87713;0.0;6047;0.0;387
2297;2020-03-27;Lombardia;11137;1292;12429;11466;23895;1706;2409;8001;5402;0.0;0.0;37298;95860;0.0;8147;0.0;541
2298;2020-03-28;Lombardia;11152;1319;12471;12038;24509;614;2117;8962;5944;0.0;0.0;39415;102503;0.0;6643;0.0;542
2299;2020-03-29;Lombardia;11613;1328;12941;12451;25392;883;1592;9255;6360;0.0;0.0;41007;107398;0.0;4895;0.0;416
2300;2020-03-30;Lombardia;11815;1330;13145;11861;25006;-386;1154;10337;6818;0.0;0.0;42161;111057;0.0;3659;0.0;458
2301;2020-03-31;Lombardia;11883;1324;13207;11917;25124;118;1047;10885;7199;0.0;0.0;43208;114640;0.0;3583;0.0;381
2302;2020-04-01;Lombardia;11927;1342;13269;12496;25765;641;1565;11415;7593;0.0;0.0;44773;121449;0.0;6809;0.0;394
2303;2020-04-02;Lombardia;11762;1351;13113;12763;25876;111;1292;12229;7960;0.0;0.0;46065;128286;0.0;6837;0.0;367
2304;2020-04-03;Lombardia;11802;1381;13183;13006;26189;313;1455;13020;8311;0.0;0.0;47520;135051;0.0;6765;0.0;351
2305;2020-04-04;Lombardia;12002;1326;13328;13892;27220;1031;1598;13242;8656;0.0;0.0;49118;141877;0.0;6826;0.0;345
2306;2020-04-05;Lombardia;12009;1317;13326;14798;28124;904;1337;13426;8905;0.0;0.0;50455;149984;0.0;8107;0.0;249
2307;2020-04-06;Lombardia;11914;1343;13257;15212;28469;345;1079;13863;9202;0.0;0.0;51534;154989;0.0;5005;0.0;297
2308;2020-04-07;Lombardia;11833;1305;13138;15205;28343;-126;791;14498;9484;0.0;0.0;52325;159331;0.0;4342;0.0;282
2309;2020-04-08;Lombardia;11719;1257;12976;15569;28545;202;1089;15147;9722;0.0;0.0;53414;167557;0.0;8226;0.0;238
2310;2020-04-09;Lombardia;11796;1236;13032;16042;29074;529;1388;15706;10022;0.0;0.0;54802;176953;0.0;9396;0.0;300
2311;2020-04-10;Lombardia;11877;1202;13079;16451;29530;456;1246;16280;10238;0.0;0.0;56048;186325;0.0;9372;0.0;216
2312;2020-04-11;Lombardia;12026;1174;13200;17058;30258;728;1544;16823;10511;0.0;0.0;57592;196302;0.0;9977;0.0;273
2313;2020-04-12;Lombardia;11969;1176;13145;18120;31265;1007;1460;17166;10621;0.0;0.0;59052;205832;0.0;9530;0.0;110
2314;2020-04-13;Lombardia;12028;1143;13171;18764;31935;670;1262;17478;10901;0.0;0.0;60314;211092;0.0;5260;0.0;280
2315;2020-04-14;Lombardia;12077;1122;13199;19164;32363;428;1012;17821;11142;0.0;0.0;61326;214870;0.0;3778;0.0;241
2316;2020-04-15;Lombardia;12043;1074;13117;19804;32921;558;827;17855;11377;0.0;0.0;62153;221968;0.0;7098;0.0;235
2317;2020-04-16;Lombardia;11356;1032;12388;20702;33090;169;941;18396;11608;0.0;0.0;63094;232674;0.0;10706;0.0;231
2318;2020-04-17;Lombardia;10627;971;11598;21836;33434;344;1041;18850;11851;0.0;0.0;64135;243513;0.0;10839;0.0;243
2319;2020-04-18;Lombardia;10042;947;10989;23206;34195;761;1246;19136;12050;0.0;0.0;65381;255331;0.0;11818;0.0;199
2320;2020-04-19;Lombardia;10342;922;11264;23233;34497;302;855;19526;12213;0.0;0.0;66236;264155;183757.0;8824;183757.0;163
2321;2020-04-20;Lombardia;10138;901;11039;23548;34587;90;735;20008;12376;0.0;0.0;66971;270486;173333.0;6331;-10424.0;163
2322;2020-04-21;Lombardia;9805;851;10656;23322;33978;-609;960;21374;12579;0.0;0.0;67931;277197;173333.0;6711;0.0;203
2323;2020-04-22;Lombardia;9692;817;10509;23733;34242;264;1161;22110;12740;0.0;0.0;69092;290699;184323.0;13502;10990.0;161
2324;2020-04-23;Lombardia;9192;790;9982;23891;33873;-369;1073;23352;12940;0.0;0.0;70165;302715;190451.0;12016;6128.0;200
2325;2020-04-24;Lombardia;8791;756;9547;24821;34368;495;1091;23782;13106;0.0;0.0;71256;314298;196406.0;11583;5955.0;166
2326;2020-04-25;Lombardia;8489;724;9213;25260;34473;105;713;24227;13269;0.0;0.0;71969;326940;202827.0;12642;6421.0;163
2327;2020-04-26;Lombardia;8481;706;9187;25979;35166;693;920;24398;13325;0.0;0.0;72889;337797;208471.0;10857;5644.0;56
2328;2020-04-27;Lombardia;7525;680;8205;27236;35441;275;590;24589;13449;0.0;0.0;73479;342850;211523.0;5053;3052.0;124
2329;2020-04-28;Lombardia;7280;655;7935;27809;35744;303;869;25029;13575;0.0;0.0;74348;351423;216526.0;8573;5003.0;126
2330;2020-04-29;Lombardia;7120;634;7754;28368;36122;378;786;25333;13679;0.0;0.0;75134;365895;223952.0;14472;7426.0;104
2331;2020-04-30;Lombardia;6834;605;7439;28772;36211;89;598;25749;13772;0.0;0.0;75732;376943;229880.0;11048;5928.0;93
2332;2020-05-01;Lombardia;6628;563;7191;29282;36473;262;737;26136;13860;0.0;0.0;76469;390644;236822.0;13701;6942.0;88
2333;2020-05-02;Lombardia;6529;545;7074;29593;36667;194;533;26146;14189;0.0;0.0;77002;403702;243383.0;13058;6561.0;329
2334;2020-05-03;Lombardia;6609;532;7141;29785;36926;259;526;26371;14231;0.0;0.0;77528;410857;247176.0;7155;3793.0;42
2335;2020-05-04;Lombardia;6414;532;6946;30361;37307;381;577;26504;14294;0.0;0.0;78105;418835;251661.0;7978;4485.0;63
2336;2020-05-05;Lombardia;6201;509;6710;30382;37092;-215;500;27124;14389;0.0;0.0;78605;425290;255292.0;6455;3631.0;95
2337;2020-05-06;Lombardia;6079;480;6559;25194;31753;-5339;764;33005;14611;0.0;0.0;79369;439806;262964.0;14516;7672.0;222
2338;2020-05-07;Lombardia;5848;480;6328;25687;32015;262;720;33329;14745;0.0;0.0;80089;455294;262964.0;15488;0.0;134
2339;2020-05-08;Lombardia;5702;400;6102;25881;31983;-32;634;33901;14839;0.0;0.0;80723;466287;277106.0;10993;14142.0;94
2340;2020-05-09;Lombardia;5535;330;5865;24397;30262;-1721;502;36039;14924;0.0;0.0;81225;477765;282817.0;11478;5711.0;85
2341;2020-05-10;Lombardia;5428;348;5776;24414;30190;-72;282;36331;14986;0.0;0.0;81507;485134;287330.0;7369;4513.0;62
2342;2020-05-11;Lombardia;5397;341;5738;24673;30411;221;364;36406;15054;0.0;0.0;81871;492642;292603.0;7508;5273.0;68
2343;2020-05-12;Lombardia;5222;322;5544;25131;30675;264;1033;37113;15116;0.0;0.0;82904;513244;305152.0;20602;12549.0;62
2344;2020-05-13;Lombardia;5007;307;5314;24718;30032;-643;394;38081;15185;0.0;0.0;83298;524163;310896.0;10919;5744.0;69
2345;2020-05-14;Lombardia;4818;297;5115;24841;29956;-76;522;38568;15296;0.0;0.0;83820;538243;318289.0;14080;7393.0;111
2346;2020-05-15;Lombardia;4705;276;4981;22765;27746;-2210;299;40962;15411;0.0;0.0;84119;550405;325071.0;12162;6782.0;115
2347;2020-05-16;Lombardia;4521;268;4789;22890;27679;-67;399;41389;15450;0.0;0.0;84518;564550;333243.0;14145;8172.0;39
2348;2020-05-17;Lombardia;4480;255;4735;22695;27430;-249;326;41895;15519;0.0;0.0;84844;576359;340164.0;11809;6921.0;69
2349;2020-05-18;Lombardia;4482;252;4734;22339;27073;-357;175;42403;15543;0.0;0.0;85019;581437;343213.0;5078;3049.0;24
2350;2020-05-19;Lombardia;4426;244;4670;22621;27291;218;462;42593;15597;0.0;0.0;85481;596355;353579.0;14918;10366.0;54
2351;2020-05-20;Lombardia;4281;231;4512;22159;26671;-620;294;43442;15662;0.0;0.0;85775;607863;359922.0;11508;6343.0;65
2352;2020-05-21;Lombardia;4119;226;4345;22370;26715;44;316;43649;15727;0.0;0.0;86091;622565;368046.0;14702;8124.0;65
2353;2020-05-22;Lombardia;4028;207;4235;21698;25933;-782;293;44667;15784;0.0;0.0;86384;641593;378934.0;19028;10888.0;57
2354;2020-05-23;Lombardia;4026;199;4225;21405;25630;-303;441;45355;15840;0.0;0.0;86825;658784;389648.0;17191;10714.0;56
2355;2020-05-24;Lombardia;4017;197;4214;21400;25614;-16;285;45656;15840;0.0;0.0;87110;670241;396992.0;11457;7344.0;0
2356;2020-05-25;Lombardia;3721;196;3917;21298;25215;-399;148;46169;15874;0.0;0.0;87258;675882;400252.0;5641;3260.0;34
2357;2020-05-26;Lombardia;3622;183;3805;20672;24477;-738;159;47044;15896;0.0;0.0;87417;685058;405650.0;9176;5398.0;22
2358;2020-05-27;Lombardia;3626;175;3801;20236;24037;-440;384;47810;15954;0.0;0.0;87801;697561;413483.0;12503;7833.0;58
2359;2020-05-28;Lombardia;3470;173;3643;19270;22913;-1124;382;49296;15974;0.0;0.0;88183;713068;422568.0;15507;9085.0;20
2360;2020-05-29;Lombardia;3552;173;3725;18958;22683;-230;354;49842;16012;0.0;0.0;88537;727146;430863.0;14078;8295.0;38
2361;2020-05-30;Lombardia;3307;172;3479;18330;21809;-874;221;50870;16079;0.0;0.0;88758;741447;438415.0;14301;7552.0;67
2362;2020-05-31;Lombardia;3131;170;3301;17695;20996;-813;210;51860;16112;0.0;0.0;88968;753874;445930.0;12427;7515.0;33
2363;2020-06-01;Lombardia;3085;167;3252;17609;20861;-135;50;52026;16131;0.0;0.0;89018;757446;447874.0;3572;1944.0;19
2364;2020-06-02;Lombardia;3021;166;3187;17068;20255;-606;187;52807;16143;0.0;0.0;89205;766122;451502.0;8676;3628.0;12
2365;2020-06-03;Lombardia;2995;131;3126;17098;20224;-31;237;53046;16172;0.0;0.0;89442;777477;458782.0;11355;7280.0;29
2366;2020-06-04;Lombardia;2954;125;3079;17145;20224;0;84;53101;16201;0.0;0.0;89526;780887;460658.0;3410;1876.0;29
2367;2020-06-05;Lombardia;2960;120;3080;16773;19853;-371;402;53853;16222;0.0;0.0;89928;800276;475041.0;19389;14383.0;21
2368;2020-06-06;Lombardia;2840;110;2950;16549;19499;-354;142;54322;16249;0.0;0.0;90070;813972;480566.0;13696;5525.0;27
2369;2020-06-07;Lombardia;2801;107;2908;16512;19420;-79;125;54505;16270;0.0;0.0;90195;821977;485842.0;8005;5276.0;21
2370;2020-06-08;Lombardia;2708;107;2815;16504;19319;-101;194;54768;16302;0.0;0.0;90389;826465;489775.0;4488;3933.0;32
2371;2020-06-09;Lombardia;2660;96;2756;15541;18297;-1022;192;55967;16317;0.0;0.0;90581;836313;496273.0;9848;6498.0;15
2372;2020-06-10;Lombardia;2565;98;2663;15194;17857;-440;99;56474;16349;0.0;0.0;90680;845618;502047.0;9305;5774.0;32
2373;2020-06-11;Lombardia;2488;97;2585;14755;17340;-517;252;57218;16374;0.0;0.0;90932;858994;509853.0;13376;7806.0;25
2374;2020-06-12;Lombardia;2357;97;2454;14570;17024;-316;272;57775;16405;0.0;0.0;91204;873831;519095.0;14837;9242.0;31
2375;2020-06-13;Lombardia;2252;96;2348;14437;16785;-239;210;58201;16428;0.0;0.0;91414;883305;524774.0;9474;5679.0;23
2376;2020-06-14;Lombardia;2116;94;2210;13779;15989;-796;244;59220;16449;0.0;0.0;91658;892641;530683.0;9336;5909.0;21
2377;2020-06-15;Lombardia;2018;94;2112;13864;15976;-13;259;59484;16457;0.0;0.0;91917;899278;534981.0;6637;4298.0;8
2378;2020-06-16;Lombardia;1902;69;1971;13262;15233;-743;143;60361;16466;0.0;0.0;92060;906322;539604.0;7044;4623.0;9
2379;2020-06-17;Lombardia;1796;59;1855;13117;14972;-261;242;60850;16480;0.0;0.0;92302;917881;547133.0;11559;7529.0;14
2380;2020-06-18;Lombardia;1673;60;1733;12914;14647;-325;216;61355;16516;0.0;0.0;92518;929356;554148.0;11475;7015.0;36
2381;2020-06-19;Lombardia;1537;60;1597;12448;14045;-602;157;62096;16534;0.0;0.0;92675;939820;560376.0;10464;6228.0;18
2382;2020-06-20;Lombardia;1401;54;1455;12456;13911;-134;165;62372;16557;0.0;0.0;92840;949134;565933.0;9314;5557.0;23
2383;2020-06-21;Lombardia;1260;53;1313;12530;13843;-68;128;62555;16570;0.0;0.0;92968;956959;570750.0;7825;4817.0;13
2384;2020-06-22;Lombardia;1047;51;1098;12540;13638;-205;143;62900;16573;0.0;0.0;93111;964735;575981.0;7776;5231.0;3
2385;2020-06-23;Lombardia;910;51;961;11942;12903;-735;62;63691;16579;0.0;0.0;93173;971721;580317.0;6986;4336.0;6
2386;2020-06-24;Lombardia;692;48;740;11487;12227;-676;88;64448;16586;0.0;0.0;93261;980820;586567.0;9099;6250.0;7
2387;2020-06-25;Lombardia;622;48;670;11322;11992;-235;170;64831;16608;88676.0;4755.0;93431;990652;592797.0;9832;6230.0;22
2388;2020-06-26;Lombardia;501;47;548;11092;11640;-352;156;65323;16624;88720.0;4867.0;93587;1004753;600985.0;14101;8188.0;16
2389;2020-06-27;Lombardia;415;43;458;10534;10992;-648;77;66046;16626;88764.0;4900.0;93664;1014321;606607.0;9568;5622.0;2
2390;2020-06-28;Lombardia;323;43;366;10581;10947;-45;97;66175;16639;88812.0;4949.0;93761;1022440;611487.0;8119;4880.0;13
2391;2020-06-29;Lombardia;321;43;364;10459;10823;-124;78;66376;16640;88821.0;5018.0;93839;1030431;615813.0;7991;4326.0;1
2392;2020-06-30;Lombardia;297;42;339;9721;10060;-763;62;67197;16644;88687.0;5214.0;93901;1036548;619851.0;6117;4038.0;4
2393;2020-07-01;Lombardia;277;41;318;9620;9938;-122;109;67422;16650;88747.0;5263.0;94010;1044975;625197.0;8427;5346.0;6
2394;2020-07-02;Lombardia;241;41;282;9545;9827;-111;98;67610;16671;88793.0;5315.0;94108;1054415;630993.0;9440;5796.0;21
2395;2020-07-03;Lombardia;241;41;282;9395;9677;-150;115;67871;16675;88834.0;5389.0;94223;1064173;636860.0;9758;5867.0;4
2396;2020-07-04;Lombardia;231;36;267;9159;9426;-251;95;68201;16691;88857.0;5461.0;94318;1074333;642762.0;10160;5902.0;16
2397;2020-07-05;Lombardia;230;36;266;9179;9445;19;98;68274;16697;88891.0;5525.0;94416;1083105;647739.0;8772;4977.0;6
2398;2020-07-06;Lombardia;233;36;269;9223;9492;47;111;68335;16700;88967.0;5560.0;94527;1088960;651688.0;5855;3949.0;3
2399;2020-07-07;Lombardia;229;36;265;8809;9074;-418;53;68793;16713;88988.0;5592.0;94580;1092340;653837.0;3380;2149.0;13
2400;2020-07-08;Lombardia;211;34;245;8215;8460;-614;71;69466;16725;89010.0;5641.0;94651;1103015;660133.0;10675;6296.0;12
2401;2020-07-09;Lombardia;201;31;232;8125;8357;-103;119;69683;16730;89057.0;5713.0;94770;1114827;667911.0;11812;7778.0;5
2402;2020-07-10;Lombardia;190;27;217;8124;8341;-16;135;69828;16736;89120.0;5785.0;94905;1126332;675013.0;11505;7102.0;6
2403;2020-07-11;Lombardia;173;29;202;8010;8212;-129;67;70020;16740;89131.0;5841.0;94972;1133387;679427.0;7055;4414.0;4
2404;2020-07-12;Lombardia;160;31;191;7813;8004;-208;77;70297;16748;89163.0;5886.0;95049;1142932;685763.0;9545;6336.0;8
2405;2020-07-13;Lombardia;168;30;198;7813;8011;7;94;70375;16757;89209.0;5934.0;95143;1149414;689917.0;6482;4154.0;9
2406;2020-07-14;Lombardia;176;27;203;7749;7952;-59;30;70461;16760;89200.0;5973.0;95173;1155050;693556.0;5636;3639.0;3
2407;2020-07-15;Lombardia;177;23;200;7335;7535;-417;63;70936;16765;89240.0;5996.0;95236;1165476;699935.0;10426;6379.0;5
2408;2020-07-16;Lombardia;164;23;187;7322;7509;-26;80;71032;16775;89270.0;6046.0;95316;1176203;706440.0;10727;6505.0;10
2409;2020-07-17;Lombardia;159;22;181;7240;7421;-88;55;71172;16778;89280.0;6091.0;95371;1186114;712261.0;9911;5821.0;3
2410;2020-07-18;Lombardia;149;22;171;7084;7255;-166;88;71416;16788;89332.0;6127.0;95459;1195168;717516.0;9054;5255.0;10
2411;2020-07-19;Lombardia;148;22;170;7070;7240;-15;33;71464;16788;89336.0;6156.0;95492;1202207;721640.0;7039;4124.0;0
2412;2020-07-20;Lombardia;151;21;172;6969;7141;-99;56;71611;16796;89367.0;6181.0;95548;1206495;724365.0;4288;2725.0;8
2413;2020-07-21;Lombardia;151;21;172;6838;7010;-131;34;71775;16797;89382.0;6200.0;95582;1212468;728169.0;5973;3804.0;1
2414;2020-07-22;Lombardia;149;17;166;6809;6975;-35;51;71860;16798;89400.0;6233.0;95633;1217829;733150.0;5361;4981.0;1
2415;2020-07-23;Lombardia;139;17;156;6785;6941;-34;82;71973;16801;89426.0;6289.0;95715;1232915;740405.0;15086;7255.0;3
2416;2020-02-24;Umbria;0;0;0;0;0;0;0;0;0;0.0;0.0;0;0;0.0;0;0.0;0
2417;2020-02-25;Umbria;0;0;0;0;0;0;0;0;0;0.0;0.0;0;8;0.0;8;0.0;0
2418;2020-02-26;Umbria;0;0;0;0;0;0;0;0;0;0.0;0.0;0;8;0.0;0;0.0;0
2419;2020-02-27;Umbria;0;0;0;0;0;0;0;0;0;0.0;0.0;0;8;0.0;0;0.0;0
2420;2020-02-28;Umbria;0;0;0;0;0;0;0;0;0;0.0;0.0;0;8;0.0;0;0.0;0
2421;2020-02-29;Umbria;0;0;0;0;0;0;0;0;0;0.0;0.0;0;31;0.0;23;0.0;0
2422;2020-03-01;Umbria;0;0;0;2;2;2;2;0;0;0.0;0.0;2;35;0.0;4;0.0;0
2423;2020-03-02;Umbria;0;0;0;2;2;0;0;0;0;0.0;0.0;2;35;0.0;0;0.0;0
2424;2020-03-03;Umbria;1;1;2;6;8;6;6;0;0;0.0;0.0;8;45;0.0;10;0.0;0
2425;2020-03-04;Umbria;1;1;2;7;9;1;1;0;0;0.0;0.0;9;58;0.0;13;0.0;0
2426;2020-03-05;Umbria;1;1;2;7;9;0;0;0;0;0.0;0.0;9;88;0.0;30;0.0;0
2427;2020-03-06;Umbria;2;2;4;12;16;7;7;0;0;0.0;0.0;16;110;0.0;22;0.0;0
2428;2020-03-07;Umbria;2;2;4;20;24;8;8;0;0;0.0;0.0;24;134;0.0;24;0.0;0
2429;2020-03-08;Umbria;2;2;4;22;26;2;2;0;0;0.0;0.0;26;168;0.0;34;0.0;0
2430;2020-03-09;Umbria;4;2;6;22;28;2;2;0;0;0.0;0.0;28;183;0.0;15;0.0;0
2431;2020-03-10;Umbria;8;2;10;27;37;9;9;0;0;0.0;0.0;37;260;0.0;77;0.0;0
2432;2020-03-11;Umbria;7;5;12;32;44;7;9;2;0;0.0;0.0;46;340;0.0;80;0.0;0
2433;2020-03-12;Umbria;8;8;16;46;62;18;18;2;0;0.0;0.0;64;458;0.0;118;0.0;0
2434;2020-03-13;Umbria;11;10;21;52;73;11;12;2;1;0.0;0.0;76;576;0.0;118;0.0;1
2435;2020-03-14;Umbria;21;11;32;71;103;30;31;3;1;0.0;0.0;107;748;0.0;172;0.0;0
2436;2020-03-15;Umbria;25;13;38;101;139;36;36;3;1;0.0;0.0;143;965;0.0;217;0.0;0
2437;2020-03-16;Umbria;30;15;45;114;159;20;21;4;1;0.0;0.0;164;1093;0.0;128;0.0;0
2438;2020-03-17;Umbria;36;21;57;135;192;33;33;4;1;0.0;0.0;197;1323;0.0;230;0.0;0
2439;2020-03-18;Umbria;54;21;75;166;241;49;50;4;2;0.0;0.0;247;1601;0.0;278;0.0;1
2440;2020-03-19;Umbria;69;21;90;238;328;87;87;4;2;0.0;0.0;334;1954;0.0;353;0.0;0
2441;2020-03-20;Umbria;75;24;99;285;384;56;61;4;7;0.0;0.0;395;2303;0.0;349;0.0;5
2442;2020-03-21;Umbria;92;29;121;326;447;63;67;5;10;0.0;0.0;462;2712;0.0;409;0.0;3
2443;2020-03-22;Umbria;97;35;132;368;500;53;59;5;16;0.0;0.0;521;3135;0.0;423;0.0;6
2444;2020-03-23;Umbria;106;42;148;408;556;56;56;5;16;0.0;0.0;577;3561;0.0;426;0.0;0
2445;2020-03-24;Umbria;105;43;148;476;624;68;71;5;19;0.0;0.0;648;4108;0.0;547;0.0;3
2446;2020-03-25;Umbria;123;44;167;519;686;62;62;5;19;0.0;0.0;710;4707;0.0;599;0.0;0
2447;2020-03-26;Umbria;144;46;190;580;770;84;92;12;20;0.0;0.0;802;5428;0.0;721;0.0;1
2448;2020-03-27;Umbria;149;46;195;629;824;54;82;39;21;0.0;0.0;884;6137;0.0;709;0.0;1
2449;2020-03-28;Umbria;159;44;203;695;898;74;85;43;28;0.0;0.0;969;7028;0.0;891;0.0;7
2450;2020-03-29;Umbria;166;46;212;685;897;-1;54;95;31;0.0;0.0;1023;7685;0.0;657;0.0;3
2451;2020-03-30;Umbria;173;47;220;614;834;-63;28;184;33;0.0;0.0;1051;8150;0.0;465;0.0;2
2452;2020-03-31;Umbria;176;43;219;632;851;17;27;190;37;0.0;0.0;1078;8685;0.0;535;0.0;4
2453;2020-04-01;Umbria;173;45;218;646;864;13;17;194;37;0.0;0.0;1095;9080;0.0;395;0.0;0
2454;2020-04-02;Umbria;171;47;218;667;885;21;33;205;38;0.0;0.0;1128;9737;0.0;657;0.0;1
2455;2020-04-03;Umbria;165;48;213;707;920;35;51;220;39;0.0;0.0;1179;10614;0.0;877;0.0;1
2456;2020-04-04;Umbria;167;44;211;716;927;7;31;242;41;0.0;0.0;1210;11809;0.0;1195;0.0;2
2457;2020-04-05;Umbria;159;45;204;694;898;-29;29;298;43;0.0;0.0;1239;12448;0.0;639;0.0;2
2458;2020-04-06;Umbria;159;46;205;667;872;-26;14;337;44;0.0;0.0;1253;12573;0.0;125;0.0;1
2459;2020-04-07;Umbria;157;41;198;648;846;-26;10;368;49;0.0;0.0;1263;13274;0.0;701;0.0;5
2460;2020-04-08;Umbria;155;41;196;627;823;-23;26;416;50;0.0;0.0;1289;14105;0.0;831;0.0;1
2461;2020-04-09;Umbria;154;38;192;600;792;-31;9;455;51;0.0;0.0;1298;15170;0.0;1065;0.0;1
2462;2020-04-10;Umbria;146;39;185;567;752;-40;4;498;52;0.0;0.0;1302;16325;0.0;1155;0.0;1
2463;2020-04-11;Umbria;137;39;176;547;723;-29;7;534;52;0.0;0.0;1309;17661;0.0;1336;0.0;0
2464;2020-04-12;Umbria;129;39;168;519;687;-36;10;580;52;0.0;0.0;1319;18672;0.0;1011;0.0;0
2465;2020-04-13;Umbria;127;38;165;460;625;-62;1;643;52;0.0;0.0;1320;18740;0.0;68;0.0;0
2466;2020-04-14;Umbria;127;37;164;458;622;-3;1;646;53;0.0;0.0;1321;18956;0.0;216;0.0;1
2467;2020-04-15;Umbria;122;37;159;423;582;-40;1;686;54;0.0;0.0;1322;20258;0.0;1302;0.0;1
2468;2020-04-16;Umbria;116;33;149;387;536;-46;7;738;55;0.0;0.0;1329;21487;0.0;1229;0.0;1
2469;2020-04-17;Umbria;111;31;142;352;494;-42;8;786;57;0.0;0.0;1337;22818;0.0;1331;0.0;2
2470;2020-04-18;Umbria;109;32;141;290;431;-63;7;856;57;0.0;0.0;1344;24106;0.0;1288;0.0;0
2471;2020-04-19;Umbria;108;30;138;298;436;5;4;854;58;0.0;0.0;1348;25170;16790.0;1064;16790.0;1
2472;2020-04-20;Umbria;113;29;142;282;424;-12;1;867;58;0.0;0.0;1349;25562;17099.0;392;309.0;0
2473;2020-04-21;Umbria;107;22;129;278;407;-17;4;886;60;0.0;0.0;1353;26639;17873.0;1077;774.0;2
2474;2020-04-22;Umbria;97;20;117;254;371;-36;4;925;61;0.0;0.0;1357;27655;18679.0;1016;806.0;1
2475;2020-04-23;Umbria;100;19;119;236;355;-16;5;946;61;0.0;0.0;1362;29011;19627.0;1356;948.0;0
2476;2020-04-24;Umbria;94;19;113;209;322;-33;1;979;62;0.0;0.0;1363;30524;20733.0;1513;1106.0;1
2477;2020-04-25;Umbria;95;18;113;184;297;-25;3;1006;63;0.0;0.0;1366;31939;21842.0;1415;1109.0;1
2478;2020-04-26;Umbria;91;17;108;188;296;-1;2;1008;64;0.0;0.0;1368;32569;22320.0;630;478.0;1
2479;2020-04-27;Umbria;90;16;106;181;287;-9;2;1018;65;0.0;0.0;1370;32823;22492.0;254;172.0;1
2480;2020-04-28;Umbria;80;17;97;178;275;-12;9;1039;65;0.0;0.0;1379;33881;23263.0;1058;771.0;0
2481;2020-04-29;Umbria;77;16;93;168;261;-14;12;1064;66;0.0;0.0;1391;34937;24079.0;1056;816.0;1
2482;2020-04-30;Umbria;68;16;84;149;233;-28;1;1092;67;0.0;0.0;1392;36459;25317.0;1522;1238.0;1
2483;2020-05-01;Umbria;60;13;73;131;204;-29;1;1121;68;0.0;0.0;1393;37762;26285.0;1303;968.0;1
2484;2020-05-02;Umbria;60;13;73;123;196;-8;1;1130;68;0.0;0.0;1394;38072;26463.0;310;178.0;0
2485;2020-05-03;Umbria;58;13;71;112;183;-13;0;1143;68;0.0;0.0;1394;38823;26973.0;751;510.0;0
2486;2020-05-04;Umbria;56;13;69;112;181;-2;0;1143;70;0.0;0.0;1394;39044;27152.0;221;179.0;2
2487;2020-05-05;Umbria;56;11;67;109;176;-5;6;1154;70;0.0;0.0;1400;39998;27822.0;954;670.0;0
2488;2020-05-06;Umbria;55;9;64;107;171;-5;4;1163;70;0.0;0.0;1404;41328;28712.0;1330;890.0;0
2489;2020-05-07;Umbria;47;9;56;85;141;-30;1;1194;70;0.0;0.0;1405;42788;29708.0;1460;996.0;0
2490;2020-05-08;Umbria;47;6;53;66;119;-22;1;1216;71;0.0;0.0;1406;44223;30704.0;1435;996.0;1
2491;2020-05-09;Umbria;45;6;51;60;111;-8;1;1225;71;0.0;0.0;1407;45574;31679.0;1351;975.0;0
2492;2020-05-10;Umbria;42;6;48;65;113;2;4;1227;71;0.0;0.0;1411;46923;32713.0;1349;1034.0;0
2493;2020-05-11;Umbria;40;4;44;64;108;-5;1;1233;71;0.0;0.0;1412;47474;33027.0;551;314.0;0
2494;2020-05-12;Umbria;41;4;45;64;109;1;7;1239;71;0.0;0.0;1419;49249;34207.0;1775;1180.0;0
2495;2020-05-13;Umbria;36;4;40;66;106;-3;0;1241;72;0.0;0.0;1419;50731;35313.0;1482;1106.0;1
2496;2020-05-14;Umbria;26;1;27;65;92;-14;1;1255;73;0.0;0.0;1420;52247;36495.0;1516;1182.0;1
2497;2020-05-15;Umbria;25;2;27;63;90;-2;2;1259;73;0.0;0.0;1422;53801;37660.0;1554;1165.0;0
2498;2020-05-16;Umbria;25;2;27;54;81;-9;0;1268;73;0.0;0.0;1422;55170;38663.0;1369;1003.0;0
2499;2020-05-17;Umbria;25;2;27;51;78;-3;2;1273;73;0.0;0.0;1424;55956;39272.0;786;609.0;0
2500;2020-05-18;Umbria;24;2;26;51;77;-1;0;1274;73;0.0;0.0;1424;56279;39512.0;323;240.0;0
2501;2020-05-19;Umbria;25;2;27;39;66;-11;3;1287;74;0.0;0.0;1427;57822;40651.0;1543;1139.0;1
2502;2020-05-20;Umbria;25;2;27;39;66;0;0;1287;74;0.0;0.0;1427;59220;41748.0;1398;1097.0;0
2503;2020-05-21;Umbria;17;2;19;42;61;-5;2;1294;74;0.0;0.0;1429;60471;42720.0;1251;972.0;0
2504;2020-05-22;Umbria;16;2;18;41;59;-2;0;1296;74;0.0;0.0;1429;61696;43686.0;1225;966.0;0
2505;2020-05-23;Umbria;15;2;17;39;56;-3;1;1300;74;0.0;0.0;1430;63009;44473.0;1313;787.0;0
2506;2020-05-24;Umbria;15;2;17;36;53;-3;0;1302;75;0.0;0.0;1430;63717;45131.0;708;658.0;1
2507;2020-05-25;Umbria;15;2;17;29;46;-7;0;1309;75;0.0;0.0;1430;63916;45268.0;199;137.0;0
2508;2020-05-26;Umbria;12;2;14;28;42;-4;1;1314;75;0.0;0.0;1431;65013;46044.0;1097;776.0;0
2509;2020-05-27;Umbria;13;2;15;17;32;-10;0;1324;75;0.0;0.0;1431;66219;46975.0;1206;931.0;0
2510;2020-05-28;Umbria;14;2;16;17;33;1;0;1323;75;0.0;0.0;1431;67458;47920.0;1239;945.0;0
2511;2020-05-29;Umbria;15;2;17;14;31;-2;0;1324;76;0.0;0.0;1431;68773;48873.0;1315;953.0;1
2512;2020-05-30;Umbria;16;1;17;14;31;0;0;1324;76;0.0;0.0;1431;70023;49760.0;1250;887.0;0
2513;2020-05-31;Umbria;15;2;17;14;31;0;0;1324;76;0.0;0.0;1431;70553;50271.0;530;511.0;0
2514;2020-06-01;Umbria;15;2;17;14;31;0;0;1324;76;0.0;0.0;1431;70741;50790.0;188;519.0;0
2515;2020-06-02;Umbria;15;2;17;14;31;0;0;1324;76;0.0;0.0;1431;71769;51508.0;1028;718.0;0
2516;2020-06-03;Umbria;15;2;17;14;31;0;0;1324;76;0.0;0.0;1431;72001;51310.0;232;-198.0;0
2517;2020-06-04;Umbria;15;2;17;14;31;0;0;1324;76;0.0;0.0;1431;73204;52223.0;1203;913.0;0
2518;2020-06-05;Umbria;12;2;14;15;29;-2;0;1326;76;0.0;0.0;1431;74142;52888.0;938;665.0;0
2519;2020-06-06;Umbria;11;2;13;15;28;-1;0;1327;76;0.0;0.0;1431;75336;53733.0;1194;845.0;0
2520;2020-06-07;Umbria;10;2;12;17;29;1;1;1327;76;0.0;0.0;1432;76179;54314.0;843;581.0;0
2521;2020-06-08;Umbria;10;2;12;17;29;0;0;1327;76;0.0;0.0;1432;76413;54486.0;234;172.0;0
2522;2020-06-09;Umbria;12;2;14;15;29;0;3;1330;76;0.0;0.0;1435;77427;55145.0;1014;659.0;0
2523;2020-06-10;Umbria;13;2;15;13;28;-1;1;1332;76;0.0;0.0;1436;78366;55763.0;939;618.0;0
2524;2020-06-11;Umbria;11;2;13;13;26;-2;0;1334;76;0.0;0.0;1436;79234;56310.0;868;547.0;0
2525;2020-06-12;Umbria;10;1;11;13;24;-2;0;1336;76;0.0;0.0;1436;80190;56914.0;956;604.0;0
2526;2020-06-13;Umbria;10;1;11;10;21;-3;0;1339;76;0.0;0.0;1436;81155;57511.0;965;597.0;0
2527;2020-06-14;Umbria;9;1;10;10;20;-1;0;1339;77;0.0;0.0;1436;81976;58013.0;821;502.0;1
2528;2020-06-15;Umbria;9;1;10;8;18;-2;0;1341;77;0.0;0.0;1436;82235;58164.0;259;151.0;0
2529;2020-06-16;Umbria;8;1;9;9;18;0;1;1342;77;0.0;0.0;1437;83435;58815.0;1200;651.0;0
2530;2020-06-17;Umbria;7;2;9;9;18;0;0;1342;77;0.0;0.0;1437;84511;59407.0;1076;592.0;0
2531;2020-06-18;Umbria;5;2;7;9;16;-2;0;1344;77;0.0;0.0;1437;85586;59912.0;1075;505.0;0
2532;2020-06-19;Umbria;5;2;7;10;17;1;1;1344;77;0.0;0.0;1438;86693;60357.0;1107;445.0;0
2533;2020-06-20;Umbria;5;2;7;10;17;0;0;1343;78;0.0;0.0;1438;87789;60857.0;1096;500.0;1
2534;2020-06-21;Umbria;4;1;5;10;15;-2;0;1345;78;0.0;0.0;1438;88509;61227.0;720;370.0;0
2535;2020-06-22;Umbria;4;1;5;8;13;-2;0;1347;78;0.0;0.0;1438;88714;61375.0;205;148.0;0
2536;2020-06-23;Umbria;4;1;5;7;12;-1;0;1348;78;0.0;0.0;1438;89831;61929.0;1117;554.0;0
2537;2020-06-24;Umbria;3;1;4;7;11;-1;1;1349;79;0.0;0.0;1439;90838;62477.0;1007;548.0;1
2538;2020-06-25;Umbria;3;1;4;6;10;-1;0;1350;79;1428.0;11.0;1439;91832;63068.0;994;591.0;0
2539;2020-06-26;Umbria;2;1;3;7;10;0;1;1351;79;1428.0;12.0;1440;92704;63545.0;872;477.0;0
2540;2020-06-27;Umbria;2;1;3;7;10;0;0;1350;80;1428.0;12.0;1440;93571;64026.0;867;481.0;1
2541;2020-06-28;Umbria;2;1;3;6;9;-1;0;1351;80;1428.0;12.0;1440;94286;64456.0;715;430.0;0
2542;2020-06-29;Umbria;2;1;3;6;9;0;0;1351;80;1428.0;12.0;1440;94519;64620.0;233;164.0;0
2543;2020-06-30;Umbria;3;1;4;6;10;1;1;1351;80;1428.0;13.0;1441;95627;65217.0;1108;597.0;0
2544;2020-07-01;Umbria;3;1;4;6;10;0;0;1351;80;1428.0;13.0;1441;96602;65770.0;975;553.0;0
2545;2020-07-02;Umbria;3;1;4;7;11;1;3;1353;80;1431.0;13.0;1444;97698;66402.0;1096;632.0;0
2546;2020-07-03;Umbria;4;0;4;6;10;-1;2;1356;80;1432.0;14.0;1446;98488;66783.0;790;381.0;0
2547;2020-07-04;Umbria;4;0;4;5;9;-1;1;1358;80;1433.0;14.0;1447;99397;67231.0;909;448.0;0
2548;2020-07-05;Umbria;4;0;4;5;9;0;0;1358;80;1433.0;14.0;1447;100193;67644.0;796;413.0;0
2549;2020-07-06;Umbria;4;0;4;5;9;0;0;1358;80;1433.0;14.0;1447;100395;67791.0;202;147.0;0
2550;2020-07-07;Umbria;3;0;3;5;8;-1;0;1359;80;1433.0;14.0;1447;101557;68353.0;1162;562.0;0
2551;2020-07-08;Umbria;3;0;3;4;7;-1;0;1360;80;1433.0;14.0;1447;102611;68863.0;1054;510.0;0
2552;2020-07-09;Umbria;3;0;3;4;7;0;0;1360;80;1433.0;14.0;1447;103642;69412.0;1031;549.0;0
2553;2020-07-10;Umbria;4;0;4;4;8;1;1;1360;80;1434.0;14.0;1448;104428;69774.0;786;362.0;0
2554;2020-07-11;Umbria;4;0;4;4;8;0;0;1360;80;1433.0;15.0;1448;105383;70252.0;955;478.0;0
2555;2020-07-12;Umbria;4;0;4;5;9;1;2;1361;80;1434.0;16.0;1450;106030;70601.0;647;349.0;0
2556;2020-07-13;Umbria;4;0;4;4;8;-1;0;1362;80;1434.0;16.0;1450;106265;70762.0;235;161.0;0
2557;2020-07-14;Umbria;4;0;4;4;8;0;0;1362;80;1434.0;16.0;1450;107301;71359.0;1036;597.0;0
2558;2020-07-15;Umbria;5;0;5;5;10;2;2;1362;80;1435.0;17.0;1452;108430;71881.0;1129;522.0;0
2559;2020-07-16;Umbria;5;0;5;5;10;0;0;1362;80;1435.0;17.0;1452;109277;72335.0;847;454.0;0
2560;2020-07-17;Umbria;6;0;6;6;12;2;2;1362;80;1436.0;18.0;1454;110114;72708.0;837;373.0;0
2561;2020-07-18;Umbria;6;0;6;8;14;2;2;1362;80;1437.0;19.0;1456;111045;73180.0;931;472.0;0
2562;2020-07-19;Umbria;6;0;6;6;12;-2;0;1364;80;1437.0;19.0;1456;111772;73521.0;727;341.0;0
2563;2020-07-20;Umbria;6;0;6;6;12;0;0;1364;80;1437.0;19.0;1456;111968;73653.0;196;132.0;0
2564;2020-07-21;Umbria;6;0;6;8;14;2;3;1365;80;1439.0;20.0;1459;113086;74180.0;1118;527.0;0
2565;2020-07-22;Umbria;6;0;6;10;16;2;2;1365;80;1441.0;20.0;1461;114155;74634.0;1069;454.0;0
2566;2020-07-23;Umbria;6;0;6;11;17;1;2;1366;80;1443.0;20.0;1463;115059;75059.0;904;425.0;0
2567;2020-02-24;P.A. Trento;0;0;0;0;0;0;0;0;0;0.0;0.0;0;3;0.0;3;0.0;0
2568;2020-02-25;P.A. Trento;0;0;0;0;0;0;0;0;0;0.0;0.0;0;3;0.0;0;0.0;0
2569;2020-02-26;P.A. Trento;0;0;0;0;0;0;0;0;0;0.0;0.0;0;3;0.0;0;0.0;0
2570;2020-02-27;P.A. Trento;0;0;0;0;0;0;0;0;0;0.0;0.0;0;32;0.0;29;0.0;0
2571;2020-02-28;P.A. Trento;0;0;0;0;0;0;0;0;0;0.0;0.0;0;32;0.0;0;0.0;0
2572;2020-02-29;P.A. Trento;0;0;0;0;0;0;0;0;0;0.0;0.0;0;43;0.0;11;0.0;0
2573;2020-03-01;P.A. Trento;0;0;0;0;0;0;0;0;0;0.0;0.0;0;122;0.0;79;0.0;0
2574;2020-03-02;P.A. Trento;0;0;0;0;0;0;0;0;0;0.0;0.0;0;122;0.0;0;0.0;0
2575;2020-03-03;P.A. Trento;1;0;1;3;4;4;4;0;0;0.0;0.0;4;122;0.0;0;0.0;0
2576;2020-03-04;P.A. Trento;1;0;1;4;5;1;1;0;0;0.0;0.0;5;122;0.0;0;0.0;0
2577;2020-03-05;P.A. Trento;2;0;2;5;7;2;2;0;0;0.0;0.0;7;122;0.0;0;0.0;0
2578;2020-03-06;P.A. Trento;4;0;4;6;10;3;3;0;0;0.0;0.0;10;122;0.0;0;0.0;0
2579;2020-03-07;P.A. Trento;6;1;7;7;14;4;4;0;0;0.0;0.0;14;194;0.0;72;0.0;0
2580;2020-03-08;P.A. Trento;7;2;9;14;23;9;9;0;0;0.0;0.0;23;228;0.0;34;0.0;0
2581;2020-03-09;P.A. Trento;10;2;12;21;33;10;10;0;0;0.0;0.0;33;267;0.0;39;0.0;0
2582;2020-03-10;P.A. Trento;19;3;22;28;50;17;19;2;0;0.0;0.0;52;399;0.0;132;0.0;0
2583;2020-03-11;P.A. Trento;28;4;32;42;74;24;25;3;0;0.0;0.0;77;527;0.0;128;0.0;0
2584;2020-03-12;P.A. Trento;43;5;48;54;102;28;30;4;1;0.0;0.0;107;593;0.0;66;0.0;1
2585;2020-03-13;P.A. Trento;58;6;64;93;157;55;56;4;2;0.0;0.0;163;846;0.0;253;0.0;1
2586;2020-03-14;P.A. Trento;68;12;80;119;199;42;43;5;2;0.0;0.0;206;1006;0.0;160;0.0;0
2587;2020-03-15;P.A. Trento;73;19;92;275;367;168;172;5;6;0.0;0.0;378;1006;0.0;0;0.0;4
2588;2020-03-16;P.A. Trento;73;19;92;275;367;0;0;5;6;0.0;0.0;378;1006;0.0;0;0.0;0
2589;2020-03-17;P.A. Trento;107;22;129;239;368;1;7;10;7;0.0;0.0;385;1727;0.0;721;0.0;1
2590;2020-03-18;P.A. Trento;141;22;163;273;436;68;70;12;7;0.0;0.0;455;2187;0.0;460;0.0;0
2591;2020-03-19;P.A. Trento;169;30;199;292;491;55;68;20;12;0.0;0.0;523;2203;0.0;16;0.0;5
2592;2020-03-20;P.A. Trento;198;34;232;368;600;109;119;29;13;0.0;0.0;642;2656;0.0;453;0.0;1
2593;2020-03-21;P.A. Trento;233;39;272;448;720;120;140;34;28;0.0;0.0;782;2656;0.0;0;0.0;15
2594;2020-03-22;P.A. Trento;235;46;281;604;885;165;172;34;35;0.0;0.0;954;3050;0.0;394;0.0;7
2595;2020-03-23;P.A. Trento;249;46;295;619;914;29;69;68;41;0.0;0.0;1023;3150;0.0;100;0.0;6
2596;2020-03-24;P.A. Trento;308;49;357;618;975;61;87;79;56;0.0;0.0;1110;3712;0.0;562;0.0;15
2597;2020-03-25;P.A. Trento;308;65;373;685;1058;83;112;90;74;0.0;0.0;1222;4114;0.0;402;0.0;18
2598;2020-03-26;P.A. Trento;300;66;366;728;1094;36;75;117;86;0.0;0.0;1297;4600;0.0;486;0.0;12
2599;2020-03-27;P.A. Trento;341;66;407;757;1164;70;94;125;102;0.0;0.0;1391;4923;0.0;323;0.0;16
2600;2020-03-28;P.A. Trento;351;72;423;811;1234;70;114;151;120;0.0;0.0;1505;5561;0.0;638;0.0;18
2601;2020-03-29;P.A. Trento;356;75;431;862;1293;59;89;172;129;0.0;0.0;1594;5950;0.0;389;0.0;9
2602;2020-03-30;P.A. Trento;353;78;431;926;1357;64;88;178;147;0.0;0.0;1682;6377;0.0;427;0.0;18
2603;2020-03-31;P.A. Trento;354;80;434;955;1389;32;64;193;164;0.0;0.0;1746;6973;0.0;596;0.0;17
2604;2020-04-01;P.A. Trento;345;76;421;1062;1483;94;124;214;173;0.0;0.0;1870;7675;0.0;702;0.0;9
2605;2020-04-02;P.A. Trento;339;78;417;1170;1587;104;133;229;187;0.0;0.0;2003;8496;0.0;821;0.0;14
2606;2020-04-03;P.A. Trento;343;80;423;1236;1659;72;106;246;204;0.0;0.0;2109;8993;0.0;497;0.0;17
2607;2020-04-04;P.A. Trento;353;81;434;1319;1753;94;111;257;210;0.0;0.0;2220;9863;0.0;870;0.0;6
2608;2020-04-05;P.A. Trento;352;80;432;1363;1795;42;65;273;217;0.0;0.0;2285;10476;0.0;613;0.0;7
2609;2020-04-06;P.A. Trento;354;79;433;1405;1838;43;63;280;230;0.0;0.0;2348;11130;0.0;654;0.0;13
2610;2020-04-07;P.A. Trento;360;78;438;1452;1890;52;128;342;244;0.0;0.0;2476;12030;0.0;900;0.0;14
2611;2020-04-08;P.A. Trento;354;77;431;1509;1940;50;126;407;255;0.0;0.0;2602;13258;0.0;1228;0.0;11
2612;2020-04-09;P.A. Trento;345;69;414;1564;1978;38;106;462;268;0.0;0.0;2708;14338;0.0;1080;0.0;13
2613;2020-04-10;P.A. Trento;335;70;405;1589;1994;16;108;547;275;0.0;0.0;2816;14981;0.0;643;0.0;7
2614;2020-04-11;P.A. Trento;335;62;397;1667;2064;70;154;622;284;0.0;0.0;2970;16646;0.0;1665;0.0;9
2615;2020-04-12;P.A. Trento;322;61;383;1699;2082;18;83;678;293;0.0;0.0;3053;17797;0.0;1151;0.0;9
2616;2020-04-13;P.A. Trento;326;56;382;1698;2080;-2;73;746;300;0.0;0.0;3126;18586;0.0;789;0.0;7
2617;2020-04-14;P.A. Trento;325;54;379;1703;2082;2;15;749;310;0.0;0.0;3141;18774;0.0;188;0.0;10
2618;2020-04-15;P.A. Trento;312;48;360;1744;2104;22;79;798;318;0.0;0.0;3220;19535;0.0;761;0.0;8
2619;2020-04-16;P.A. Trento;296;43;339;1748;2087;-17;74;885;322;0.0;0.0;3294;20773;0.0;1238;0.0;4
2620;2020-04-17;P.A. Trento;286;44;330;1660;1990;-97;82;1044;342;0.0;0.0;3376;21921;0.0;1148;0.0;20
2621;2020-04-18;P.A. Trento;276;42;318;1667;1985;-5;55;1098;348;0.0;0.0;3431;23147;0.0;1226;0.0;6
2622;2020-04-19;P.A. Trento;278;41;319;1652;1971;-14;101;1201;360;0.0;0.0;3532;24388;16685.0;1241;16685.0;12
2623;2020-04-20;P.A. Trento;272;40;312;1617;1929;-42;58;1295;366;0.0;0.0;3590;26211;17347.0;1823;662.0;6
2624;2020-04-21;P.A. Trento;254;38;292;1617;1909;-20;24;1329;376;0.0;0.0;3614;26610;17705.0;399;358.0;10
2625;2020-04-22;P.A. Trento;245;34;279;1595;1874;-35;32;1391;381;0.0;0.0;3646;26674;17672.0;64;-33.0;5
2626;2020-04-23;P.A. Trento;234;29;263;1608;1871;-3;81;1474;382;0.0;0.0;3727;28240;18656.0;1566;984.0;1
2627;2020-04-24;P.A. Trento;224;28;252;1575;1827;-44;49;1560;389;0.0;0.0;3776;29779;19250.0;1539;594.0;7
2628;2020-04-25;P.A. Trento;202;27;229;1515;1744;-83;62;1694;400;0.0;0.0;3838;30661;19394.0;882;144.0;11
2629;2020-04-26;P.A. Trento;199;24;223;1459;1682;-62;56;1807;405;0.0;0.0;3894;32142;19902.0;1481;508.0;5
2630;2020-04-27;P.A. Trento;201;23;224;1483;1707;25;101;1881;407;0.0;0.0;3995;33152;20199.0;1010;297.0;2
2631;2020-04-28;P.A. Trento;182;22;204;1361;1565;-142;30;2048;412;0.0;0.0;4025;33839;20539.0;687;340.0;5
2632;2020-04-29;P.A. Trento;165;22;187;1276;1463;-102;44;2190;416;0.0;0.0;4069;35008;20944.0;1169;405.0;4
2633;2020-04-30;P.A. Trento;158;21;179;1191;1370;-93;47;2328;418;0.0;0.0;4116;36534;21622.0;1526;678.0;2
2634;2020-05-01;P.A. Trento;146;19;165;1128;1293;-77;16;2416;423;0.0;0.0;4132;37838;22602.0;1304;980.0;5
2635;2020-05-02;P.A. Trento;138;19;157;1125;1282;-11;49;2474;425;0.0;0.0;4181;39579;23380.0;1741;778.0;2
2636;2020-05-03;P.A. Trento;136;17;153;1094;1247;-35;66;2571;429;0.0;0.0;4247;41095;24085.0;1516;705.0;4
2637;2020-05-04;P.A. Trento;135;17;152;1013;1165;-82;11;2663;430;0.0;0.0;4258;42061;24500.0;966;415.0;1
2638;2020-05-05;P.A. Trento;126;15;141;900;1041;-124;3;2787;433;0.0;0.0;4261;42870;25137.0;809;637.0;3
2639;2020-05-06;P.A. Trento;116;13;129;853;982;-59;19;2861;437;0.0;0.0;4280;44719;26161.0;1849;1024.0;4
2640;2020-05-07;P.A. Trento;99;11;110;800;910;-72;3;2935;438;0.0;0.0;4283;46500;28486.0;1781;2325.0;1
2641;2020-05-08;P.A. Trento;94;11;105;767;872;-38;2;2975;438;0.0;0.0;4285;48220;29188.0;1720;702.0;0
2642;2020-05-09;P.A. Trento;87;10;97;733;830;-42;7;3024;438;0.0;0.0;4292;50278;30354.0;2058;1166.0;0
2643;2020-05-10;P.A. Trento;82;10;92;694;786;-44;3;3068;441;0.0;0.0;4295;52039;30808.0;1761;454.0;3
2644;2020-05-11;P.A. Trento;84;11;95;640;735;-51;2;3119;443;0.0;0.0;4297;53398;31970.0;1359;1162.0;2
2645;2020-05-12;P.A. Trento;80;9;89;578;667;-68;6;3191;445;0.0;0.0;4303;55334;33082.0;1936;1112.0;2
2646;2020-05-13;P.A. Trento;76;9;85;488;573;-94;9;3293;446;0.0;0.0;4312;57997;34662.0;2663;1580.0;1
2647;2020-05-14;P.A. Trento;66;9;75;430;505;-68;3;3362;448;0.0;0.0;4315;60843;36359.0;2846;1697.0;2
2648;2020-05-15;P.A. Trento;53;9;62;344;406;-99;3;3461;451;0.0;0.0;4318;63700;38273.0;2857;1914.0;3
2649;2020-05-16;P.A. Trento;44;8;52;293;345;-61;8;3528;453;0.0;0.0;4326;65383;39613.0;1683;1340.0;2
2650;2020-05-17;P.A. Trento;41;8;49;252;301;-44;12;3584;453;0.0;0.0;4338;69659;41383.0;4276;1770.0;0
2651;2020-05-18;P.A. Trento;41;8;49;199;248;-53;13;3650;453;0.0;0.0;4351;70173;41383.0;514;0.0;0
2652;2020-05-19;P.A. Trento;42;8;50;154;204;-44;7;3699;455;0.0;0.0;4358;70691;42125.0;518;742.0;2
2653;2020-05-20;P.A. Trento;39;6;45;81;126;-78;10;3787;455;0.0;0.0;4368;72031;42140.0;1340;15.0;0
2654;2020-05-21;P.A. Trento;40;6;46;20;66;-60;10;3857;455;0.0;0.0;4378;73849;42954.0;1818;814.0;0
2655;2020-05-22;P.A. Trento;32;4;36;571;607;541;10;3326;455;0.0;0.0;4388;76001;43885.0;2152;931.0;0
2656;2020-05-23;P.A. Trento;28;4;32;533;565;-42;7;3374;456;0.0;0.0;4395;78185;45304.0;2184;1419.0;1
2657;2020-05-24;P.A. Trento;27;4;31;504;535;-30;9;3412;457;0.0;0.0;4404;79788;45860.0;1603;556.0;1
2658;2020-05-25;P.A. Trento;27;4;31;486;517;-18;1;3430;458;0.0;0.0;4405;80454;45531.0;666;-329.0;1
2659;2020-05-26;P.A. Trento;24;3;27;486;513;-4;10;3441;461;0.0;0.0;4415;81149;45926.0;695;395.0;3
2660;2020-05-27;P.A. Trento;19;2;21;456;477;-36;7;3483;462;0.0;0.0;4422;82269;46350.0;1120;424.0;1
2661;2020-05-28;P.A. Trento;17;3;20;438;458;-19;3;3505;462;0.0;0.0;4425;83018;46735.0;749;385.0;0
2662;2020-05-29;P.A. Trento;16;3;19;391;410;-48;3;3556;462;0.0;0.0;4428;84805;47349.0;1787;614.0;0
2663;2020-05-30;P.A. Trento;13;3;16;350;366;-44;1;3601;462;0.0;0.0;4429;86565;47908.0;1760;559.0;0
2664;2020-05-31;P.A. Trento;13;3;16;288;304;-62;1;3664;462;0.0;0.0;4430;88558;48665.0;1993;757.0;0
2665;2020-06-01;P.A. Trento;14;3;17;276;293;-11;2;3677;462;0.0;0.0;4432;89235;48853.0;677;188.0;0
2666;2020-06-02;P.A. Trento;14;2;16;267;283;-10;0;3686;463;0.0;0.0;4432;89787;49173.0;552;320.0;1
2667;2020-06-03;P.A. Trento;15;2;17;205;222;-61;1;3748;463;0.0;0.0;4433;91021;49626.0;1234;453.0;0
2668;2020-06-04;P.A. Trento;14;1;15;192;207;-15;0;3762;464;0.0;0.0;4433;91631;49920.0;610;294.0;1
2669;2020-06-05;P.A. Trento;8;1;9;114;123;-84;0;3846;464;0.0;0.0;4433;92916;50312.0;1285;392.0;0
2670;2020-06-06;P.A. Trento;6;1;7;97;104;-19;1;3866;464;0.0;0.0;4434;94159;50758.0;1243;446.0;0
2671;2020-06-07;P.A. Trento;6;1;7;75;82;-22;1;3889;464;0.0;0.0;4435;95638;51385.0;1479;627.0;0
2672;2020-06-08;P.A. Trento;7;1;8;73;81;-1;1;3891;464;0.0;0.0;4436;95825;51453.0;187;68.0;0
2673;2020-06-09;P.A. Trento;6;1;7;74;81;0;3;3894;464;0.0;0.0;4439;96527;51934.0;702;481.0;0
2674;2020-06-10;P.A. Trento;6;1;7;73;80;-1;0;3895;464;0.0;0.0;4439;97739;52412.0;1212;478.0;0
2675;2020-06-11;P.A. Trento;5;1;6;65;71;-9;2;3906;464;0.0;0.0;4441;98969;52795.0;1230;383.0;0
2676;2020-06-12;P.A. Trento;5;1;6;62;68;-3;2;3911;464;0.0;0.0;4443;100400;53453.0;1431;658.0;0
2677;2020-06-13;P.A. Trento;5;1;6;64;70;2;3;3912;464;0.0;0.0;4446;102138;54175.0;1738;722.0;0
2678;2020-06-14;P.A. Trento;5;1;6;60;66;-4;1;3917;464;0.0;0.0;4447;103910;55054.0;1772;879.0;0
2679;2020-06-15;P.A. Trento;5;0;5;61;66;0;1;3917;465;0.0;0.0;4448;104306;55322.0;396;268.0;1
2680;2020-06-16;P.A. Trento;2;0;2;62;64;-2;0;3919;465;0.0;0.0;4448;104696;55530.0;390;208.0;0
2681;2020-06-17;P.A. Trento;2;0;2;56;58;-6;1;3926;465;0.0;0.0;4449;105841;56032.0;1145;502.0;0
2682;2020-06-18;P.A. Trento;2;0;2;57;59;1;8;3933;465;0.0;0.0;4457;107366;56609.0;1525;577.0;0
2683;2020-06-19;P.A. Trento;2;0;2;54;56;-3;1;3936;466;0.0;0.0;4458;108564;57050.0;1198;441.0;1
2684;2020-06-20;P.A. Trento;1;0;1;50;51;-5;0;3941;466;0.0;0.0;4458;110268;57678.0;1704;628.0;0
2685;2020-06-21;P.A. Trento;0;0;0;53;53;2;5;3944;466;0.0;0.0;4463;111714;58345.0;1446;667.0;0
2686;2020-06-22;P.A. Trento;0;0;0;53;53;0;1;3945;466;0.0;0.0;4464;112483;58794.0;769;449.0;0
2687;2020-06-23;P.A. Trento;0;0;0;51;51;-2;1;3948;466;0.0;0.0;4465;113091;59170.0;608;376.0;0
2688;2020-06-24;P.A. Trento;0;0;0;52;52;1;0;4395;405;0.0;0.0;4852;114496;59700.0;1405;530.0;-61
2689;2020-06-25;P.A. Trento;1;0;1;51;52;0;3;4398;405;3374.0;1481.0;4855;115938;60448.0;1442;748.0;0
2690;2020-06-26;P.A. Trento;1;0;1;51;52;0;4;4402;405;3375.0;1484.0;4859;117401;60783.0;1463;335.0;0
2691;2020-06-27;P.A. Trento;2;0;2;49;51;-1;1;4404;405;3375.0;1485.0;4860;119039;61511.0;1638;728.0;0
2692;2020-06-28;P.A. Trento;2;0;2;52;54;3;3;4404;405;3378.0;1485.0;4863;120065;62021.0;1026;510.0;0
2693;2020-06-29;P.A. Trento;1;0;1;52;53;-1;0;4405;405;3378.0;1485.0;4863;120168;62092.0;103;71.0;0
2694;2020-06-30;P.A. Trento;1;0;1;49;50;-3;0;4408;405;3378.0;1485.0;4863;121315;62918.0;1147;826.0;0
2695;2020-07-01;P.A. Trento;1;0;1;46;47;-3;1;4412;405;3378.0;1486.0;4864;122574;63299.0;1259;381.0;0
2696;2020-07-02;P.A. Trento;1;0;1;45;46;-1;1;4414;405;3379.0;1486.0;4865;123864;63787.0;1290;488.0;0
2697;2020-07-03;P.A. Trento;2;0;2;44;46;0;6;4420;405;3380.0;1491.0;4871;125206;64218.0;1342;431.0;0
2698;2020-07-04;P.A. Trento;2;0;2;46;48;2;2;4420;405;3380.0;1493.0;4873;126689;64691.0;1483;473.0;0
2699;2020-07-05;P.A. Trento;2;0;2;40;42;-6;0;4426;405;3380.0;1493.0;4873;127886;65033.0;1197;342.0;0
2700;2020-07-06;P.A. Trento;3;0;3;34;37;-5;0;4431;405;3380.0;1493.0;4873;128029;65130.0;143;97.0;0
2701;2020-07-07;P.A. Trento;3;0;3;37;40;3;3;4431;405;3380.0;1496.0;4876;128597;65442.0;568;312.0;0
2702;2020-07-08;P.A. Trento;3;0;3;34;37;-3;0;4434;405;3380.0;1496.0;4876;129180;65705.0;583;263.0;0
2703;2020-07-09;P.A. Trento;1;0;1;32;33;-4;0;4438;405;3380.0;1496.0;4876;130754;66161.0;1574;456.0;0
2704;2020-07-10;P.A. Trento;1;0;1;26;27;-6;3;4447;405;3380.0;1499.0;4879;131980;66521.0;1226;360.0;0
2705;2020-07-11;P.A. Trento;2;0;2;26;28;1;2;4448;405;3381.0;1500.0;4881;132803;66741.0;823;220.0;0
2706;2020-07-12;P.A. Trento;2;0;2;24;26;-2;0;4450;405;3381.0;1500.0;4881;134432;67162.0;1629;421.0;0
2707;2020-07-13;P.A. Trento;2;0;2;24;26;0;0;4450;405;3381.0;1500.0;4881;134529;67232.0;97;70.0;0
2708;2020-07-14;P.A. Trento;2;0;2;24;26;0;0;4450;405;3381.0;1500.0;4881;134858;67405.0;329;173.0;0
2709;2020-07-15;P.A. Trento;1;0;1;23;24;-2;0;4452;405;3381.0;1500.0;4881;135996;67776.0;1138;371.0;0
2710;2020-07-16;P.A. Trento;1;0;1;17;18;-6;0;4458;405;3381.0;1500.0;4881;137601;68068.0;1605;292.0;0
2711;2020-07-17;P.A. Trento;0;0;0;16;16;-2;0;4460;405;3381.0;1500.0;4881;138920;68352.0;1319;284.0;0
2712;2020-07-18;P.A. Trento;0;0;0;19;19;3;3;4460;405;3384.0;1500.0;4884;140283;68722.0;1363;370.0;0
2713;2020-07-19;P.A. Trento;0;0;0;16;16;-3;1;4464;405;3385.0;1500.0;4885;140877;68907.0;594;185.0;0
2714;2020-07-20;P.A. Trento;1;0;1;19;20;4;4;4464;405;3387.0;1502.0;4889;141389;69051.0;512;144.0;0
2715;2020-07-21;P.A. Trento;1;0;1;21;22;2;2;4464;405;3388.0;1503.0;4891;141824;69272.0;435;221.0;0
2716;2020-07-22;P.A. Trento;2;0;2;39;41;19;20;4465;405;3389.0;1522.0;4911;142945;69570.0;1121;298.0;0
2717;2020-07-23;P.A. Trento;2;0;2;69;71;30;30;4465;405;3389.0;1552.0;4941;144277;70026.0;1332;456.0;0
2718;2020-02-24;Veneto;12;4;16;16;32;0;32;0;1;0.0;0.0;33;2200;0.0;2200;0.0;1
2719;2020-02-25;Veneto;12;7;19;23;42;10;10;0;1;0.0;0.0;43;3780;0.0;1580;0.0;0
2720;2020-02-26;Veneto;16;8;24;45;69;27;28;0;2;0.0;0.0;71;4900;0.0;1120;0.0;1
2721;2020-02-27;Veneto;19;8;27;82;109;40;40;0;2;0.0;0.0;111;6164;0.0;1264;0.0;0
2722;2020-02-28;Veneto;24;9;33;116;149;40;40;0;2;0.0;0.0;151;7414;0.0;1250;0.0;0
2723;2020-02-29;Veneto;24;11;35;154;189;40;40;0;2;0.0;0.0;191;8659;0.0;1245;0.0;0
2724;2020-03-01;Veneto;51;13;64;197;261;72;72;0;2;0.0;0.0;263;9056;0.0;397;0.0;0
2725;2020-03-02;Veneto;53;14;67;204;271;10;10;0;2;0.0;0.0;273;9782;0.0;726;0.0;0
2726;2020-03-03;Veneto;49;19;68;229;297;26;34;7;3;0.0;0.0;307;10176;0.0;394;0.0;1
2727;2020-03-04;Veneto;76;23;99;246;345;48;53;9;6;0.0;0.0;360;10515;0.0;339;0.0;3
2728;2020-03-05;Veneto;92;24;116;264;380;35;47;17;10;0.0;0.0;407;11949;0.0;1434;0.0;4
2729;2020-03-06;Veneto;117;27;144;310;454;74;81;22;12;0.0;0.0;488;13023;0.0;1074;0.0;2
2730;2020-03-07;Veneto;123;41;164;341;505;51;55;25;13;0.0;0.0;543;14429;0.0;1406;0.0;1
2731;2020-03-08;Veneto;146;47;193;430;623;118;127;29;18;0.0;0.0;670;15918;0.0;1489;0.0;5
2732;2020-03-09;Veneto;186;51;237;457;694;71;74;30;20;0.0;0.0;744;15956;0.0;38;0.0;2
2733;2020-03-10;Veneto;204;67;271;512;783;89;112;47;26;0.0;0.0;856;16643;0.0;687;0.0;6
2734;2020-03-11;Veneto;262;68;330;610;940;157;167;54;29;0.0;0.0;1023;21400;0.0;4757;0.0;3
2735;2020-03-12;Veneto;360;85;445;852;1297;357;361;55;32;0.0;0.0;1384;23438;0.0;2038;0.0;3
2736;2020-03-13;Veneto;366;107;473;980;1453;156;211;100;42;0.0;0.0;1595;25691;0.0;2253;0.0;10
2737;2020-03-14;Veneto;366;119;485;1290;1775;322;342;107;55;0.0;0.0;1937;26980;0.0;1289;0.0;13
2738;2020-03-15;Veneto;426;129;555;1434;1989;214;235;120;63;0.0;0.0;2172;32546;0.0;5566;0.0;8
2739;2020-03-16;Veneto;498;156;654;1620;2274;285;301;130;69;0.0;0.0;2473;35052;0.0;2506;0.0;6
2740;2020-03-17;Veneto;548;171;719;1769;2488;214;231;136;80;0.0;0.0;2704;35478;0.0;426;0.0;11
2741;2020-03-18;Veneto;646;195;841;2112;2953;465;510;167;94;0.0;0.0;3214;40841;0.0;5363;0.0;14
2742;2020-03-19;Veneto;771;209;980;2189;3169;216;270;200;115;0.0;0.0;3484;44658;0.0;3817;0.0;21
2743;2020-03-20;Veneto;843;236;1079;2598;3677;508;547;223;131;0.0;0.0;4031;49288;0.0;4630;0.0;16
2744;2020-03-21;Veneto;942;249;1191;3023;4214;537;586;257;146;0.0;0.0;4617;53642;0.0;4354;0.0;15
2745;2020-03-22;Veneto;1113;255;1368;3276;4644;430;505;309;169;0.0;0.0;5122;57671;0.0;4029;0.0;23
2746;2020-03-23;Veneto;1206;281;1487;3499;4986;342;383;327;192;0.0;0.0;5505;61115;0.0;3444;0.0;23
2747;2020-03-24;Veneto;1318;304;1622;3729;5351;365;443;381;216;0.0;0.0;5948;66178;0.0;5063;0.0;24
2748;2020-03-25;Veneto;1407;316;1723;4022;5745;394;494;439;258;0.0;0.0;6442;70877;0.0;4699;0.0;42
2749;2020-03-26;Veneto;1447;326;1773;4367;6140;395;493;508;287;0.0;0.0;6935;79759;0.0;8882;0.0;29
2750;2020-03-27;Veneto;1536;338;1874;4774;6648;508;562;536;313;0.0;0.0;7497;83627;0.0;3868;0.0;26
2751;2020-03-28;Veneto;1559;344;1903;5010;6913;265;433;655;362;0.0;0.0;7930;89380;0.0;5753;0.0;49
2752;2020-03-29;Veneto;1586;355;1941;5310;7251;338;428;715;392;0.0;0.0;8358;94784;0.0;5404;0.0;30
2753;2020-03-30;Veneto;1633;356;1989;5575;7564;313;366;747;413;0.0;0.0;8724;99941;0.0;5157;0.0;21
2754;2020-03-31;Veneto;1680;356;2036;5814;7850;286;431;828;477;0.0;0.0;9155;106238;0.0;6297;0.0;64
2755;2020-04-01;Veneto;1718;350;2068;6156;8224;374;470;902;499;0.0;0.0;9625;112746;0.0;6508;0.0;22
2756;2020-04-02;Veneto;1670;345;2015;6563;8578;354;486;1001;532;0.0;0.0;10111;120320;0.0;7574;0.0;33
2757;2020-04-03;Veneto;1714;335;2049;6812;8861;283;353;1031;572;0.0;0.0;10464;126490;0.0;6170;0.0;40
2758;2020-04-04;Veneto;1691;324;2015;7078;9093;232;360;1124;607;0.0;0.0;10824;133289;0.0;6799;0.0;35
2759;2020-04-05;Veneto;1674;329;2003;7406;9409;316;402;1186;631;0.0;0.0;11226;140910;0.0;7621;0.0;24
2760;2020-04-06;Veneto;1714;322;2036;7686;9722;313;362;1204;662;0.0;0.0;11588;146288;0.0;5378;0.0;31
2761;2020-04-07;Veneto;1579;297;1876;8089;9965;243;337;1265;695;0.0;0.0;11925;153542;0.0;7254;0.0;33
2762;2020-04-08;Veneto;1554;285;1839;8332;10171;206;485;1503;736;0.0;0.0;12410;163247;0.0;9705;0.0;41
2763;2020-04-09;Veneto;1530;274;1804;8645;10449;278;523;1728;756;0.0;0.0;12933;171456;0.0;8209;0.0;20
2764;2020-04-10;Veneto;1521;257;1778;8869;10647;198;488;1981;793;0.0;0.0;13421;180700;0.0;9244;0.0;37
2765;2020-04-11;Veneto;1465;251;1716;9033;10749;102;347;2188;831;0.0;0.0;13768;190912;0.0;10212;0.0;38
2766;2020-04-12;Veneto;1428;249;1677;9052;10729;-20;309;2492;856;0.0;0.0;14077;198442;0.0;7530;0.0;25
2767;2020-04-13;Veneto;1427;245;1672;9094;10766;37;174;2603;882;0.0;0.0;14251;203077;0.0;4635;0.0;26
2768;2020-04-14;Veneto;1427;233;1660;9076;10736;-30;181;2790;906;0.0;0.0;14432;208878;0.0;5801;0.0;24
2769;2020-04-15;Veneto;1402;219;1621;9168;10789;53;192;2895;940;0.0;0.0;14624;216344;0.0;7466;0.0;34
2770;2020-04-16;Veneto;1388;209;1597;9203;10800;11;366;3209;981;0.0;0.0;14990;224549;0.0;8205;0.0;41
2771;2020-04-17;Veneto;1359;197;1556;9062;10618;-182;384;3730;1026;0.0;0.0;15374;236722;0.0;12173;0.0;45
2772;2020-04-18;Veneto;1287;190;1477;8967;10444;-174;318;4189;1059;0.0;0.0;15692;247329;0.0;10607;0.0;33
2773;2020-04-19;Veneto;1264;184;1448;8762;10210;-234;243;4638;1087;0.0;0.0;15935;255797;161231.0;8468;161231.0;28
2774;2020-04-20;Veneto;1273;180;1453;8608;10061;-149;192;4954;1112;0.0;0.0;16127;260810;163757.0;5013;2526.0;25
2775;2020-04-21;Veneto;1230;177;1407;8670;10077;16;277;5173;1154;0.0;0.0;16404;268069;167129.0;7259;3372.0;42
2776;2020-04-22;Veneto;1205;163;1368;8623;9991;-86;334;5566;1181;0.0;0.0;16738;277543;171735.0;9474;4606.0;27
2777;2020-04-23;Veneto;1189;140;1329;8596;9925;-66;143;5750;1206;0.0;0.0;16881;288075;177154.0;10532;5419.0;25
2778;2020-04-24;Veneto;1159;130;1289;8390;9679;-246;348;6306;1244;0.0;0.0;17229;296896;181473.0;8821;4319.0;38
2779;2020-04-25;Veneto;1105;129;1234;8198;9432;-247;162;6671;1288;0.0;0.0;17391;306977;186426.0;10081;4953.0;44
2780;2020-04-26;Veneto;1097;124;1221;7917;9138;-294;80;7018;1315;0.0;0.0;17471;316361;183513.0;9384;-2913.0;27
2781;2020-04-27;Veneto;1099;123;1222;7638;8860;-278;108;7375;1344;0.0;0.0;17579;320027;192751.0;3666;9238.0;29
2782;2020-04-28;Veneto;1067;120;1187;7414;8601;-259;129;7699;1408;0.0;0.0;17708;328218;196864.0;8191;4113.0;64
2783;2020-04-29;Veneto;1042;114;1156;7213;8369;-232;117;8019;1437;0.0;0.0;17825;337656;200737.0;9438;3873.0;29
2784;2020-04-30;Veneto;1012;114;1126;7021;8147;-222;135;8354;1459;0.0;0.0;17960;349227;206347.0;11571;5610.0;22
2785;2020-05-01;Veneto;977;110;1087;6692;7779;-368;138;8840;1479;0.0;0.0;18098;362459;212706.0;13232;6359.0;20
2786;2020-05-02;Veneto;970;108;1078;6353;7431;-348;126;9291;1502;0.0;0.0;18224;370978;216997.0;8519;4291.0;23
2787;2020-05-03;Veneto;955;103;1058;6241;7299;-132;94;9503;1516;0.0;0.0;18318;378202;220598.0;7224;3601.0;14
2788;2020-05-04;Veneto;955;101;1056;6178;7234;-65;55;9611;1528;0.0;0.0;18373;383660;223968.0;5458;3370.0;12
2789;2020-05-05;Veneto;926;98;1024;6092;7116;-118;29;9741;1545;0.0;0.0;18402;390952;227579.0;7292;3611.0;17
2790;2020-05-06;Veneto;902;90;992;5797;6789;-327;77;10122;1568;0.0;0.0;18479;399806;231469.0;8854;3890.0;23
2791;2020-05-07;Veneto;872;87;959;5575;6534;-255;74;10430;1589;0.0;0.0;18553;410212;236281.0;10406;4812.0;21
2792;2020-05-08;Veneto;831;79;910;5277;6187;-347;65;10804;1627;0.0;0.0;18618;420949;240535.0;10737;4254.0;38
2793;2020-05-09;Veneto;435;40;475;5402;5877;-310;53;11151;1643;0.0;0.0;18671;432114;244930.0;11165;4395.0;16
2794;2020-05-10;Veneto;408;37;445;5146;5591;-286;51;11474;1657;0.0;0.0;18722;439522;247617.0;7408;2687.0;14
2795;2020-05-11;Veneto;400;38;438;5022;5460;-131;19;11615;1666;0.0;0.0;18741;445905;250175.0;6383;2558.0;9
2796;2020-05-12;Veneto;393;33;426;4764;5190;-270;41;11906;1686;0.0;0.0;18782;454189;253374.0;8284;3199.0;20
2797;2020-05-13;Veneto;364;30;394;4626;5020;-170;31;12081;1712;0.0;0.0;18813;463154;257017.0;8965;3643.0;26
2798;2020-05-14;Veneto;342;26;368;4350;4718;-302;32;12384;1743;0.0;0.0;18845;474488;260706.0;11334;3689.0;31
2799;2020-05-15;Veneto;311;24;335;4104;4439;-279;44;12688;1762;0.0;0.0;18889;484639;264091.0;10151;3385.0;19
2800;2020-05-16;Veneto;290;20;310;3852;4162;-277;39;12983;1783;0.0;0.0;18928;497045;269003.0;12406;4912.0;21
2801;2020-05-17;Veneto;273;22;295;3746;4041;-121;13;13106;1794;0.0;0.0;18941;506588;272938.0;9543;3935.0;11
2802;2020-05-18;Veneto;263;22;285;3719;4004;-37;9;13143;1803;0.0;0.0;18950;513021;275851.0;6433;2913.0;9
2803;2020-05-19;Veneto;259;18;277;3477;3754;-250;47;13423;1820;0.0;0.0;18997;523800;280629.0;10779;4778.0;17
2804;2020-05-20;Veneto;255;16;271;3261;3532;-222;33;13666;1832;0.0;0.0;19030;536798;285786.0;12998;5157.0;12
2805;2020-05-21;Veneto;237;15;252;3034;3286;-246;8;13911;1841;0.0;0.0;19038;548573;290682.0;11775;4896.0;9
2806;2020-05-22;Veneto;215;12;227;2796;3023;-263;21;14182;1854;0.0;0.0;19059;559933;295343.0;11360;4661.0;13
2807;2020-05-23;Veneto;205;14;219;2622;2841;-182;10;14363;1865;0.0;0.0;19069;572834;300799.0;12901;5456.0;11
2808;2020-05-24;Veneto;185;11;196;2464;2660;-181;17;14557;1869;0.0;0.0;19086;582709;304944.0;9875;4145.0;4
2809;2020-05-25;Veneto;179;10;189;2389;2578;-82;11;14641;1878;0.0;0.0;19097;590179;308128.0;7470;3184.0;9
2810;2020-05-26;Veneto;177;11;188;2243;2431;-147;8;14788;1886;0.0;0.0;19105;602252;312632.0;12073;4504.0;8
2811;2020-05-27;Veneto;168;9;177;2110;2287;-144;8;14931;1895;0.0;0.0;19113;616691;317690.0;14439;5058.0;9
2812;2020-05-28;Veneto;148;9;157;1868;2025;-262;12;15202;1898;0.0;0.0;19125;632124;323097.0;15433;5407.0;3
2813;2020-05-29;Veneto;137;7;144;1705;1849;-176;9;15379;1906;0.0;0.0;19134;645049;326795.0;12925;3698.0;8
2814;2020-05-30;Veneto;120;7;127;1485;1612;-237;12;15618;1916;0.0;0.0;19146;660151;331390.0;15102;4595.0;10
2815;2020-05-31;Veneto;112;6;118;1382;1500;-112;6;15734;1918;0.0;0.0;19152;669768;333834.0;9617;2444.0;2
2816;2020-06-01;Veneto;110;6;116;1352;1468;-32;2;15768;1918;0.0;0.0;19154;675934;335650.0;6166;1816.0;0
2817;2020-06-02;Veneto;103;5;108;1295;1403;-65;8;15838;1921;0.0;0.0;19162;690267;340051.0;14333;4401.0;3
2818;2020-06-03;Veneto;106;2;108;1279;1387;-16;2;15856;1921;0.0;0.0;19164;695053;341333.0;4786;1282.0;0
2819;2020-06-04;Veneto;97;2;99;1220;1319;-68;4;15915;1934;0.0;0.0;19168;706475;344495.0;11422;3162.0;13
2820;2020-06-05;Veneto;96;2;98;1131;1229;-90;6;16007;1938;0.0;0.0;19174;713500;346872.0;7025;2377.0;4
2821;2020-06-06;Veneto;82;2;84;1080;1164;-65;8;16069;1949;0.0;0.0;19182;734130;351519.0;20630;4647.0;11
2822;2020-06-07;Veneto;81;1;82;1003;1085;-79;1;16144;1954;0.0;0.0;19183;745805;354338.0;11675;2819.0;5
2823;2020-06-08;Veneto;82;1;83;997;1080;-5;4;16152;1955;0.0;0.0;19187;750248;355368.0;4443;1030.0;1
2824;2020-06-09;Veneto;77;0;77;927;1004;-76;4;16226;1961;0.0;0.0;19191;762098;358948.0;11850;3580.0;6
2825;2020-06-10;Veneto;66;0;66;899;965;-39;3;16268;1961;0.0;0.0;19194;773316;362400.0;11218;3452.0;0
2826;2020-06-11;Veneto;52;0;52;870;922;-43;5;16313;1964;0.0;0.0;19199;780445;364110.0;7129;1710.0;3
2827;2020-06-12;Veneto;49;0;49;800;849;-73;0;16383;1967;0.0;0.0;19199;795260;367579.0;14815;3469.0;3
2828;2020-06-13;Veneto;41;1;42;736;778;-71;13;16457;1977;0.0;0.0;19212;798290;368659.0;3030;1080.0;10
2829;2020-06-14;Veneto;40;1;41;731;772;-6;7;16469;1978;0.0;0.0;19219;812540;371726.0;14250;3067.0;1
2830;2020-06-15;Veneto;38;1;39;716;755;-17;1;16487;1978;0.0;0.0;19220;817064;373057.0;4524;1331.0;0
2831;2020-06-16;Veneto;36;1;37;681;718;-37;1;16521;1982;0.0;0.0;19221;826192;376001.0;9128;2944.0;4
2832;2020-06-17;Veneto;37;1;38;642;680;-38;4;16558;1987;0.0;0.0;19225;837394;379280.0;11202;3279.0;5
2833;2020-06-18;Veneto;33;1;34;573;607;-73;8;16632;1994;0.0;0.0;19233;847997;382042.0;10603;2762.0;7
2834;2020-06-19;Veneto;30;1;31;551;582;-25;2;16655;1998;0.0;0.0;19235;858726;384389.0;10729;2347.0;4
2835;2020-06-20;Veneto;27;1;28;547;575;-7;3;16661;2002;0.0;0.0;19238;870830;387501.0;12104;3112.0;4
2836;2020-06-21;Veneto;28;1;29;554;583;8;7;16660;2002;0.0;0.0;19245;876915;388938.0;6085;1437.0;0
2837;2020-06-22;Veneto;29;1;30;555;585;2;2;16659;2003;0.0;0.0;19247;882529;390386.0;5614;1448.0;1
2838;2020-06-23;Veneto;30;1;31;533;564;-21;3;16682;2004;0.0;0.0;19250;888273;392124.0;5744;1738.0;1
2839;2020-06-24;Veneto;26;1;27;522;549;-15;3;16700;2004;0.0;0.0;19253;897506;394533.0;9233;2409.0;0
2840;2020-06-25;Veneto;29;1;30;497;527;-22;4;16724;2006;19251.0;6.0;19257;908873;397538.0;11367;3005.0;2
2841;2020-06-26;Veneto;16;1;17;470;487;-40;5;16768;2007;19252.0;10.0;19262;916485;398960.0;7612;1422.0;1
2842;2020-06-27;Veneto;18;1;19;463;482;-5;2;16775;2007;19253.0;11.0;19264;937417;403556.0;20932;4596.0;0
2843;2020-06-28;Veneto;16;1;17;443;460;-22;11;16807;2008;19255.0;20.0;19275;944010;405126.0;6593;1570.0;1
2844;2020-06-29;Veneto;17;1;18;444;462;2;3;16808;2008;19257.0;21.0;19278;948871;406042.0;4861;916.0;0
2845;2020-06-30;Veneto;21;0;21;441;462;0;8;16812;2012;19259.0;27.0;19286;957466;408628.0;8595;2586.0;4
2846;2020-07-01;Veneto;17;0;17;401;418;-44;3;16849;2022;19259.0;30.0;19289;970793;411837.0;13327;3209.0;10
2847;2020-07-02;Veneto;20;0;20;377;397;-21;20;16890;2022;19262.0;47.0;19309;982614;415828.0;11821;3991.0;0
2848;2020-07-03;Veneto;19;0;19;371;390;-7;5;16901;2023;19263.0;51.0;19314;992568;417996.0;9954;2168.0;1
2849;2020-07-04;Veneto;16;1;17;371;388;-2;4;16907;2023;19265.0;53.0;19318;1004228;421242.0;11660;3246.0;0
2850;2020-07-05;Veneto;16;2;18;370;388;0;8;16915;2023;19268.0;58.0;19326;1009833;422585.0;5605;1343.0;0
2851;2020-07-06;Veneto;16;2;18;366;384;-4;1;16919;2024;19268.0;59.0;19327;1013235;423183.0;3402;598.0;1
2852;2020-07-07;Veneto;17;2;19;366;385;1;14;16922;2034;19269.0;72.0;19341;1022657;425762.0;9422;2579.0;10
2853;2020-07-08;Veneto;17;3;20;366;386;1;7;16928;2034;19270.0;78.0;19348;1031906;428743.0;9249;2981.0;0
2854;2020-07-09;Veneto;17;2;19;373;392;6;10;16929;2037;19274.0;84.0;19358;1040189;431327.0;8283;2584.0;3
2855;2020-07-10;Veneto;14;3;17;377;394;2;11;16936;2039;19278.0;91.0;19369;1048535;433661.0;8346;2334.0;2
2856;2020-07-11;Veneto;20;3;23;375;398;4;10;16942;2039;19279.0;100.0;19379;1059816;437321.0;11281;3660.0;0
2857;2020-07-12;Veneto;20;3;23;385;408;10;16;16948;2039;19282.0;113.0;19395;1065444;438873.0;5628;1552.0;0
2858;2020-07-13;Veneto;22;3;25;387;412;4;6;16950;2039;19282.0;119.0;19401;1069923;440190.0;4479;1317.0;0
2859;2020-07-14;Veneto;29;2;31;396;427;15;19;16952;2041;19287.0;133.0;19420;1076719;442646.0;6796;2456.0;2
2860;2020-07-15;Veneto;30;2;32;406;438;11;21;16960;2043;19289.0;152.0;19441;1083811;445120.0;7092;2474.0;2
2861;2020-07-16;Veneto;31;2;33;422;455;17;29;16968;2047;19297.0;173.0;19470;1092693;447878.0;8882;2758.0;4
2862;2020-07-17;Veneto;33;2;35;467;502;47;55;16976;2047;19301.0;224.0;19525;1101965;451085.0;9272;3207.0;0
2863;2020-07-18;Veneto;33;2;35;490;525;23;34;16985;2049;19307.0;252.0;19559;1111097;454065.0;9132;2980.0;2
2864;2020-07-19;Veneto;33;2;35;532;567;42;48;16990;2050;19315.0;292.0;19607;1117268;455992.0;6171;1927.0;1
2865;2020-07-20;Veneto;35;2;37;572;609;42;42;16990;2050;19317.0;332.0;19649;1123386;457249.0;6118;1257.0;0
2866;2020-07-21;Veneto;35;2;37;587;624;15;22;16994;2053;19335.0;336.0;19671;1130514;459776.0;7128;2527.0;3
2867;2020-07-22;Veneto;35;2;37;606;643;19;36;17007;2057;19338.0;369.0;19707;1138626;462452.0;8112;2676.0;4
2868;2020-07-23;Veneto;28;2;30;627;657;14;22;17010;2062;19340.0;389.0;19729;1149084;465433.0;10458;2981.0;5
2869;2020-02-24;Piemonte;2;0;2;1;3;0;3;0;0;0.0;0.0;3;141;0.0;141;0.0;0
2870;2020-02-25;Piemonte;2;0;2;1;3;0;0;0;0;0.0;0.0;3;141;0.0;0;0.0;0
2871;2020-02-26;Piemonte;2;0;2;1;3;0;0;0;0;0.0;0.0;3;156;0.0;15;0.0;0
2872;2020-02-27;Piemonte;2;0;2;0;2;-1;-1;0;0;0.0;0.0;2;156;0.0;0;0.0;0
2873;2020-02-28;Piemonte;7;0;7;4;11;9;9;0;0;0.0;0.0;11;227;0.0;71;0.0;0
2874;2020-02-29;Piemonte;7;0;7;4;11;0;0;0;0;0.0;0.0;11;308;0.0;81;0.0;0
2875;2020-03-01;Piemonte;11;2;13;36;49;38;38;0;0;0.0;0.0;49;362;0.0;54;0.0;0
2876;2020-03-02;Piemonte;12;2;14;37;51;2;2;0;0;0.0;0.0;51;434;0.0;72;0.0;0
2877;2020-03-03;Piemonte;13;3;16;40;56;5;5;0;0;0.0;0.0;56;458;0.0;24;0.0;0
2878;2020-03-04;Piemonte;26;13;39;43;82;26;26;0;0;0.0;0.0;82;543;0.0;85;0.0;0
2879;2020-03-05;Piemonte;43;17;60;46;106;24;26;0;2;0.0;0.0;108;543;0.0;0;0.0;2
2880;2020-03-06;Piemonte;57;30;87;52;139;33;35;0;4;0.0;0.0;143;793;0.0;250;0.0;2
2881;2020-03-07;Piemonte;110;38;148;54;202;63;64;0;5;0.0;0.0;207;1046;0.0;253;0.0;1
2882;2020-03-08;Piemonte;245;45;290;65;355;153;153;0;5;0.0;0.0;360;1636;0.0;590;0.0;0
2883;2020-03-09;Piemonte;222;50;272;65;337;-18;-10;0;13;0.0;0.0;350;1681;0.0;45;0.0;8
2884;2020-03-10;Piemonte;306;66;372;64;436;99;103;0;17;0.0;0.0;453;2374;0.0;693;0.0;4
2885;2020-03-11;Piemonte;319;75;394;86;480;44;48;0;21;0.0;0.0;501;2431;0.0;57;0.0;4
2886;2020-03-12;Piemonte;368;97;465;89;554;74;79;0;26;0.0;0.0;580;2879;0.0;448;0.0;5
2887;2020-03-13;Piemonte;556;135;691;103;794;240;260;0;46;0.0;0.0;840;3105;0.0;226;0.0;20
2888;2020-03-14;Piemonte;538;150;688;126;814;20;33;0;59;0.0;0.0;873;3680;0.0;575;0.0;13
2889;2020-03-15;Piemonte;726;171;897;133;1030;216;238;0;81;0.0;0.0;1111;4375;0.0;695;0.0;22
2890;2020-03-16;Piemonte;1045;186;1231;174;1405;375;405;0;111;0.0;0.0;1516;5588;0.0;1213;0.0;30
2891;2020-03-17;Piemonte;1378;206;1584;180;1764;359;381;0;133;0.0;0.0;1897;6543;0.0;955;0.0;22
2892;2020-03-18;Piemonte;1780;227;2007;180;2187;423;444;0;154;0.0;0.0;2341;7516;0.0;973;0.0;21
2893;2020-03-19;Piemonte;2279;257;2536;218;2754;567;591;3;175;0.0;0.0;2932;8853;0.0;1337;0.0;21
2894;2020-03-20;Piemonte;1541;280;1821;1423;3244;490;529;8;209;0.0;0.0;3461;9975;0.0;1122;0.0;34
2895;2020-03-21;Piemonte;1976;301;2277;1229;3506;262;291;8;238;0.0;0.0;3752;10701;0.0;726;0.0;29
2896;2020-03-22;Piemonte;2118;308;2426;1701;4127;621;668;10;283;0.0;0.0;4420;12701;0.0;2000;0.0;45
2897;2020-03-23;Piemonte;2194;343;2537;1992;4529;402;441;17;315;0.0;0.0;4861;13560;0.0;859;0.0;32
2898;2020-03-24;Piemonte;2404;360;2764;2360;5124;595;654;17;374;0.0;0.0;5515;15469;0.0;1909;0.0;59
2899;2020-03-25;Piemonte;2544;381;2925;2631;5556;432;509;19;449;0.0;0.0;6024;16655;0.0;1186;0.0;75
2900;2020-03-26;Piemonte;2633;408;3041;2909;5950;394;510;135;449;0.0;0.0;6534;18054;0.0;1399;0.0;0
2901;2020-03-27;Piemonte;2852;431;3283;3064;6347;397;558;176;569;0.0;0.0;7092;19705;0.0;1651;0.0;120
2902;2020-03-28;Piemonte;3094;439;3533;3318;6851;504;579;203;617;0.0;0.0;7671;21511;0.0;1806;0.0;48
2903;2020-03-29;Piemonte;2985;443;3428;3840;7268;417;535;254;684;0.0;0.0;8206;24058;0.0;2547;0.0;67
2904;2020-03-30;Piemonte;2985;452;3437;4218;7655;387;506;308;749;0.0;0.0;8712;25478;0.0;1420;0.0;65
2905;2020-03-31;Piemonte;3174;452;3626;4456;8082;427;589;365;854;0.0;0.0;9301;27658;0.0;2180;0.0;105
2906;2020-04-01;Piemonte;3146;453;3599;4871;8470;388;494;439;886;0.0;0.0;9795;30060;0.0;2402;0.0;32
2907;2020-04-02;Piemonte;3341;453;3794;5005;8799;329;558;571;983;0.0;0.0;10353;32100;0.0;2040;0.0;97
2908;2020-04-03;Piemonte;3300;452;3752;5378;9130;331;543;723;1043;0.0;0.0;10896;34281;0.0;2181;0.0;60
2909;2020-04-04;Piemonte;3441;450;3891;5802;9693;563;813;888;1128;0.0;0.0;11709;37181;0.0;2900;0.0;85
2910;2020-04-05;Piemonte;3472;444;3916;6261;10177;484;653;1017;1168;0.0;0.0;12362;38539;0.0;1358;0.0;40
2911;2020-04-06;Piemonte;3484;438;3922;6623;10545;368;562;1128;1251;0.0;0.0;12924;41123;0.0;2584;0.0;83
2912;2020-04-07;Piemonte;3553;432;3985;6719;10704;159;419;1320;1319;0.0;0.0;13343;44121;0.0;2998;0.0;68
2913;2020-04-08;Piemonte;3493;423;3916;7073;10989;285;540;1516;1378;0.0;0.0;13883;48495;0.0;4374;0.0;59
2914;2020-04-09;Piemonte;3514;412;3926;7410;11336;347;639;1732;1454;0.0;0.0;14522;52807;0.0;4312;0.0;76
2915;2020-04-10;Piemonte;3497;394;3891;7685;11576;240;490;1904;1532;0.0;0.0;15012;57457;0.0;4650;0.0;78
2916;2020-04-11;Piemonte;3435;384;3819;8351;12170;594;996;2205;1633;0.0;0.0;16008;62577;0.0;5120;0.0;101
2917;2020-04-12;Piemonte;3429;381;3810;8695;12505;335;652;2426;1729;0.0;0.0;16660;66555;0.0;3978;0.0;96
2918;2020-04-13;Piemonte;3344;379;3723;9042;12765;260;474;2543;1826;0.0;0.0;17134;69170;0.0;2615;0.0;97
2919;2020-04-14;Piemonte;3395;367;3762;9293;13055;290;556;2708;1927;0.0;0.0;17690;71678;0.0;2508;0.0;101
2920;2020-04-15;Piemonte;3338;366;3704;9491;13195;140;539;3019;2015;0.0;0.0;18229;75664;0.0;3986;0.0;88
2921;2020-04-16;Piemonte;3418;346;3764;10019;13783;588;879;3231;2094;0.0;0.0;19108;80708;0.0;5044;0.0;79
2922;2020-04-17;Piemonte;3266;333;3599;10399;13998;215;695;3634;2171;0.0;0.0;19803;86714;0.0;6006;0.0;77
2923;2020-04-18;Piemonte;3271;323;3594;10629;14223;225;661;3989;2252;0.0;0.0;20464;91844;0.0;5130;0.0;81
2924;2020-04-19;Piemonte;3201;305;3506;10964;14470;247;593;4256;2331;0.0;0.0;21057;96569;71644.0;4725;71644.0;79
2925;2020-04-20;Piemonte;3299;301;3600;10957;14557;87;292;4383;2409;0.0;0.0;21349;99669;73192.0;3100;1548.0;78
2926;2020-04-21;Piemonte;3116;293;3409;11402;14811;254;606;4659;2485;0.0;0.0;21955;105434;76406.0;5765;3214.0;76
2927;2020-04-22;Piemonte;3213;273;3486;11636;15122;311;784;5058;2559;0.0;0.0;22739;111513;81176.0;6079;4770.0;74
2928;2020-04-23;Piemonte;3039;261;3300;11852;15152;30;401;5358;2630;0.0;0.0;23140;117970;84648.0;6457;3472.0;71
2929;2020-04-24;Piemonte;2918;257;3175;12216;15391;239;682;5732;2699;0.0;0.0;23822;125300;89392.0;7330;4744.0;69
2930;2020-04-25;Piemonte;2937;238;3175;12327;15502;111;604;6157;2767;0.0;0.0;24426;131107;93325.0;5807;3933.0;68
2931;2020-04-26;Piemonte;2866;214;3080;12439;15519;17;394;6478;2823;0.0;0.0;24820;135142;96977.0;4035;3652.0;56
2932;2020-04-27;Piemonte;2830;214;3044;12464;15508;-11;278;6712;2878;0.0;0.0;25098;139348;99144.0;4206;2167.0;55
2933;2020-04-28;Piemonte;2701;202;2903;12603;15506;-2;352;7008;2936;0.0;0.0;25450;144531;102514.0;5183;3370.0;58
2934;2020-04-29;Piemonte;2637;202;2839;12682;15521;15;411;7337;3003;0.0;0.0;25861;151266;106179.0;6735;3665.0;67
2935;2020-04-30;Piemonte;2621;199;2820;12673;15493;-28;428;7730;3066;0.0;0.0;26289;156534;110157.0;5268;3978.0;63
2936;2020-05-01;Piemonte;2503;181;2684;12878;15562;69;395;8025;3097;0.0;0.0;26684;162568;114786.0;6034;4629.0;31
2937;2020-05-02;Piemonte;2550;178;2728;12991;15719;157;495;8334;3126;0.0;0.0;27179;168479;118814.0;5911;4028.0;29
2938;2020-05-03;Piemonte;2496;169;2665;12973;15638;-81;251;8640;3152;0.0;0.0;27430;172208;121176.0;3729;2362.0;26
2939;2020-05-04;Piemonte;2391;161;2552;13010;15562;-76;192;8874;3186;0.0;0.0;27622;176078;123801.0;3870;2625.0;34
2940;2020-05-05;Piemonte;2307;155;2462;12861;15323;-239;152;9235;3216;0.0;0.0;27774;181316;126685.0;5238;2884.0;30
2941;2020-05-06;Piemonte;2147;150;2297;12561;14858;-465;165;9834;3247;0.0;0.0;27939;188057;131269.0;6741;4584.0;31
2942;2020-05-07;Piemonte;2147;150;2297;12172;14469;-389;196;10384;3282;0.0;0.0;28135;194584;134567.0;6527;3298.0;35
2943;2020-05-08;Piemonte;2013;140;2153;11954;14107;-362;233;10956;3305;0.0;0.0;28368;201183;138830.0;6599;4263.0;23
2944;2020-05-09;Piemonte;2010;143;2153;11781;13934;-173;181;11284;3331;0.0;0.0;28549;205800;141515.0;4617;2685.0;26
2945;2020-05-10;Piemonte;2024;137;2161;11489;13650;-284;116;11648;3367;0.0;0.0;28665;210370;145131.0;4570;3616.0;36
2946;2020-05-11;Piemonte;2021;135;2156;11182;13338;-312;111;12038;3400;0.0;0.0;28776;213783;147318.0;3413;2187.0;33
2947;2020-05-12;Piemonte;1900;136;2036;11148;13184;-154;113;12277;3428;0.0;0.0;28889;218071;149386.0;4288;2068.0;28
2948;2020-05-13;Piemonte;1858;122;1980;10511;12491;-693;169;13107;3460;0.0;0.0;29058;224788;154504.0;6717;5118.0;32
2949;2020-05-14;Piemonte;1775;116;1891;10000;11891;-600;151;13825;3493;0.0;0.0;29209;232682;158112.0;7894;3608.0;33
2950;2020-05-15;Piemonte;1593;108;1701;9412;11113;-778;137;14676;3557;0.0;0.0;29346;239507;161854.0;6825;3742.0;64
2951;2020-05-16;Piemonte;1562;100;1662;9040;10702;-411;137;15187;3594;0.0;0.0;29483;245075;165849.0;5568;3995.0;37
2952;2020-05-17;Piemonte;1620;101;1721;8518;10239;-463;64;15696;3612;0.0;0.0;29547;249371;168295.0;4296;2446.0;18
2953;2020-05-18;Piemonte;1589;99;1688;8186;9874;-365;72;16113;3632;0.0;0.0;29619;253479;170556.0;4108;2261.0;20
2954;2020-05-19;Piemonte;1579;96;1675;7960;9635;-239;108;16413;3679;0.0;0.0;29727;258489;173201.0;5010;2645.0;47
2955;2020-05-20;Piemonte;1513;96;1609;7542;9151;-484;158;17016;3718;0.0;0.0;29885;264624;177088.0;6135;3887.0;39
2956;2020-05-21;Piemonte;1479;83;1562;7148;8710;-441;105;17538;3742;0.0;0.0;29990;271286;179877.0;6662;2789.0;24
2957;2020-05-22;Piemonte;1414;79;1493;6959;8452;-258;87;17868;3757;0.0;0.0;30077;276633;182970.0;5347;3093.0;15
2958;2020-05-23;Piemonte;1291;76;1367;6658;8025;-427;60;18341;3771;0.0;0.0;30137;281897;185963.0;5264;2993.0;14
2959;2020-05-24;Piemonte;1283;75;1358;6345;7703;-322;43;18694;3783;0.0;0.0;30180;285160;188716.0;3263;2753.0;12
2960;2020-05-25;Piemonte;1227;72;1299;6197;7496;-207;48;18934;3798;0.0;0.0;30228;288018;191129.0;2858;2413.0;15
2961;2020-05-26;Piemonte;1162;70;1232;5709;6941;-555;86;19561;3812;0.0;0.0;30314;293473;193954.0;5455;2825.0;14
2962;2020-05-27;Piemonte;1118;68;1186;5278;6464;-477;73;20095;3828;0.0;0.0;30387;298571;196790.0;5098;2836.0;16
2963;2020-05-28;Piemonte;1058;64;1122;4950;6072;-392;58;20535;3838;0.0;0.0;30445;304358;199286.0;5787;2496.0;10
2964;2020-05-29;Piemonte;1029;61;1090;4568;5658;-414;56;20992;3851;0.0;0.0;30501;309497;202227.0;5139;2941.0;13
2965;2020-05-30;Piemonte;988;60;1048;4242;5290;-368;82;21435;3858;0.0;0.0;30583;315828;205102.0;6331;2875.0;7
2966;2020-05-31;Piemonte;973;58;1031;4130;5161;-129;54;21609;3867;0.0;0.0;30637;319133;207714.0;3305;2612.0;9
2967;2020-06-01;Piemonte;904;54;958;4104;5062;-99;21;21720;3876;0.0;0.0;30658;321476;209006.0;2343;1292.0;9
2968;2020-06-02;Piemonte;849;46;895;3933;4828;-234;57;22003;3884;0.0;0.0;30715;325097;211174.0;3621;2168.0;8
2969;2020-06-03;Piemonte;841;44;885;3801;4686;-142;19;22150;3898;0.0;0.0;30734;327206;212012.0;2109;838.0;14
2970;2020-06-04;Piemonte;808;43;851;3705;4556;-130;24;22292;3910;0.0;0.0;30758;331241;214551.0;4035;2539.0;12
2971;2020-06-05;Piemonte;743;40;783;3586;4369;-187;49;22511;3927;0.0;0.0;30807;335814;217032.0;4573;2481.0;17
2972;2020-06-06;Piemonte;684;37;721;3446;4167;-202;38;22744;3934;0.0;0.0;30845;340176;219444.0;4362;2412.0;7
2973;2020-06-07;Piemonte;659;38;697;3265;3962;-205;10;22952;3941;0.0;0.0;30855;343354;221367.0;3178;1923.0;7
2974;2020-06-08;Piemonte;633;36;669;3197;3866;-96;14;23049;3954;0.0;0.0;30869;344924;222000.0;1570;633.0;13
2975;2020-06-09;Piemonte;599;39;638;3033;3671;-195;21;23258;3961;0.0;0.0;30890;348770;224293.0;3846;2293.0;7
2976;2020-06-10;Piemonte;564;35;599;2773;3372;-299;26;23568;3976;0.0;0.0;30916;353737;226874.0;4967;2581.0;15
2977;2020-06-11;Piemonte;544;33;577;2606;3183;-189;42;23787;3988;0.0;0.0;30958;357957;229096.0;4220;2222.0;12
2978;2020-06-12;Piemonte;527;30;557;2340;2897;-286;31;24096;3996;0.0;0.0;30989;361164;230888.0;3207;1792.0;8
2979;2020-06-13;Piemonte;510;27;537;2283;2820;-77;40;24203;4006;0.0;0.0;31029;365223;232980.0;4059;2092.0;10
2980;2020-06-14;Piemonte;517;26;543;2105;2648;-172;30;24399;4012;0.0;0.0;31059;368065;234561.0;2842;1581.0;6
2981;2020-06-15;Piemonte;517;28;545;2059;2604;-44;2;24445;4012;0.0;0.0;31061;369294;234980.0;1229;419.0;0
2982;2020-06-16;Piemonte;472;28;500;1950;2450;-154;29;24622;4018;0.0;0.0;31090;372948;236721.0;3654;1741.0;6
2983;2020-06-17;Piemonte;448;25;473;1912;2385;-65;41;24720;4026;0.0;0.0;31131;377165;238650.0;4217;1929.0;8
2984;2020-06-18;Piemonte;397;25;422;1868;2290;-95;31;24840;4032;0.0;0.0;31162;380395;241279.0;3230;2629.0;6
2985;2020-06-19;Piemonte;363;22;385;1793;2178;-112;26;24971;4039;0.0;0.0;31188;384705;243025.0;4310;1746.0;7
2986;2020-06-20;Piemonte;358;17;375;1713;2088;-90;27;25082;4045;0.0;0.0;31215;387713;244951.0;3008;1926.0;6
2987;2020-06-21;Piemonte;356;19;375;1638;2013;-75;26;25177;4051;0.0;0.0;31241;390209;246075.0;2496;1124.0;6
2988;2020-06-22;Piemonte;346;19;365;1605;1970;-43;7;25223;4055;0.0;0.0;31248;391668;246563.0;1459;488.0;4
2989;2020-06-23;Piemonte;330;18;348;1522;1870;-100;6;25325;4059;0.0;0.0;31254;394940;247598.0;3272;1035.0;4
2990;2020-06-24;Piemonte;334;18;352;1378;1730;-140;22;25480;4066;0.0;0.0;31276;398623;249804.0;3683;2206.0;7
2991;2020-06-25;Piemonte;316;15;331;1350;1681;-49;20;25544;4071;27972.0;3324.0;31296;402181;252094.0;3558;2290.0;5
2992;2020-06-26;Piemonte;307;14;321;1264;1585;-96;15;25649;4077;27693.0;3618.0;31311;406121;253971.0;3940;1877.0;6
2993;2020-06-27;Piemonte;303;12;315;1188;1503;-82;11;25739;4080;27491.0;3831.0;31322;408836;255473.0;2715;1502.0;3
2994;2020-06-28;Piemonte;305;12;317;1178;1495;-8;14;25756;4085;27436.0;3900.0;31336;410813;257049.0;1977;1576.0;5
2995;2020-06-29;Piemonte;283;11;294;1196;1490;-5;2;25761;4087;27422.0;3916.0;31338;411939;257579.0;1126;530.0;2
2996;2020-06-30;Piemonte;267;12;279;1144;1423;-67;11;25836;4090;27273.0;4076.0;31349;415257;259420.0;3318;1841.0;3
2997;2020-07-01;Piemonte;260;11;271;1082;1353;-70;16;25921;4091;27132.0;4233.0;31365;419291;261774.0;4034;2354.0;1
2998;2020-07-02;Piemonte;248;11;259;1040;1299;-54;13;25983;4096;26969.0;4409.0;31378;422647;263385.0;3356;1611.0;5
2999;2020-07-03;Piemonte;235;10;245;1030;1275;-24;16;26019;4100;26872.0;4522.0;31394;425052;264608.0;2405;1223.0;4
3000;2020-07-04;Piemonte;225;9;234;983;1217;-58;11;26086;4102;26713.0;4692.0;31405;427590;266238.0;2538;1630.0;2
3001;2020-07-05;Piemonte;226;9;235;982;1217;0;18;26104;4102;26686.0;4737.0;31423;430300;267961.0;2710;1723.0;0
3002;2020-07-06;Piemonte;210;9;219;989;1208;-9;6;26117;4104;26659.0;4770.0;31429;431761;268189.0;1461;228.0;2
3003;2020-07-07;Piemonte;210;8;218;955;1173;-35;5;26154;4107;26584.0;4850.0;31434;434835;269654.0;3074;1465.0;3
3004;2020-07-08;Piemonte;205;8;213;927;1140;-33;25;26212;4107;26476.0;4983.0;31459;438250;271685.0;3415;2031.0;0
3005;2020-07-09;Piemonte;193;10;203;921;1124;-16;16;26243;4108;26391.0;5084.0;31475;441677;273509.0;3427;1824.0;1
3006;2020-07-10;Piemonte;193;9;202;873;1075;-49;10;26300;4110;26303.0;5182.0;31485;444443;275135.0;2766;1626.0;2
3007;2020-07-11;Piemonte;190;9;199;870;1069;-6;9;26314;4111;26178.0;5316.0;31494;447166;276895.0;2723;1760.0;1
3008;2020-07-12;Piemonte;190;9;199;859;1058;-11;4;26329;4111;26147.0;5351.0;31498;449118;278029.0;1952;1134.0;0
3009;2020-07-13;Piemonte;180;9;189;864;1053;-5;6;26339;4112;26141.0;5363.0;31504;450251;278248.0;1133;219.0;1
3010;2020-07-14;Piemonte;175;9;184;730;914;-139;3;26478;4115;26106.0;5401.0;31507;454092;280065.0;3841;1817.0;3
3011;2020-07-15;Piemonte;163;8;171;716;887;-27;8;26510;4118;26053.0;5462.0;31515;456932;281745.0;2840;1680.0;3
3012;2020-07-16;Piemonte;159;6;165;703;868;-19;7;26536;4118;25982.0;5540.0;31522;460019;283577.0;3087;1832.0;0
3013;2020-07-17;Piemonte;150;6;156;700;856;-12;8;26555;4119;25904.0;5626.0;31530;462863;285503.0;2844;1926.0;1
3014;2020-07-18;Piemonte;150;6;156;691;847;-9;3;26567;4119;25844.0;5689.0;31533;465526;287012.0;2663;1509.0;0
3015;2020-07-19;Piemonte;152;6;158;679;837;-10;3;26580;4119;25823.0;5713.0;31536;467185;288174.0;1659;1162.0;0
3016;2020-07-20;Piemonte;150;6;156;677;833;-4;1;26584;4120;25790.0;5747.0;31537;468990;288837.0;1805;663.0;1
3017;2020-07-21;Piemonte;144;6;150;663;813;-20;8;26609;4123;25744.0;5801.0;31545;472296;290411.0;3306;1574.0;3
3018;2020-07-22;Piemonte;146;6;152;637;789;-24;13;26646;4123;25673.0;5885.0;31558;475380;292191.0;3084;1780.0;0
3019;2020-07-23;Piemonte;144;6;150;635;785;-4;9;26659;4123;25624.0;5943.0;31567;478882;294261.0;3502;2070.0;0
3020;2020-02-24;Liguria;0;0;0;0;0;0;0;0;0;0.0;0.0;0;1;0.0;1;0.0;0
3021;2020-02-25;Liguria;1;0;1;0;1;1;1;0;0;0.0;0.0;1;39;0.0;38;0.0;0
3022;2020-02-26;Liguria;6;0;6;5;11;10;10;0;0;0.0;0.0;11;66;0.0;27;0.0;0
3023;2020-02-27;Liguria;9;0;9;10;19;8;8;0;0;0.0;0.0;19;78;0.0;12;0.0;0
3024;2020-02-28;Liguria;9;0;9;10;19;0;0;0;0;0.0;0.0;19;112;0.0;34;0.0;0
3025;2020-02-29;Liguria;4;1;5;33;38;19;23;4;0;0.0;0.0;42;121;0.0;9;0.0;0
3026;2020-03-01;Liguria;12;1;13;8;21;-17;-17;4;0;0.0;0.0;25;121;0.0;0;0.0;0
3027;2020-03-02;Liguria;12;1;13;5;18;-3;-3;4;0;0.0;0.0;22;121;0.0;0;0.0;0
3028;2020-03-03;Liguria;12;2;14;5;19;1;2;4;1;0.0;0.0;24;121;0.0;0;0.0;1
3029;2020-03-04;Liguria;10;3;13;8;21;2;2;4;1;0.0;0.0;26;133;0.0;12;0.0;0
3030;2020-03-05;Liguria;11;3;14;7;21;0;2;4;3;0.0;0.0;28;146;0.0;13;0.0;2
3031;2020-03-06;Liguria;12;5;17;7;24;3;4;5;3;0.0;0.0;32;229;0.0;83;0.0;0
3032;2020-03-07;Liguria;26;6;32;10;42;18;19;5;4;0.0;0.0;51;331;0.0;102;0.0;1
3033;2020-03-08;Liguria;39;11;50;17;67;25;27;5;6;0.0;0.0;78;401;0.0;70;0.0;2
3034;2020-03-09;Liguria;60;17;77;20;97;30;31;5;7;0.0;0.0;109;611;0.0;210;0.0;1
3035;2020-03-10;Liguria;57;29;86;42;128;31;32;5;8;0.0;0.0;141;694;0.0;83;0.0;1
3036;2020-03-11;Liguria;74;34;108;73;181;53;53;5;8;0.0;0.0;194;1025;0.0;331;0.0;0
3037;2020-03-12;Liguria;100;36;136;107;243;62;80;20;11;0.0;0.0;274;1174;0.0;149;0.0;3
3038;2020-03-13;Liguria;128;44;172;132;304;61;71;24;17;0.0;0.0;345;1442;0.0;268;0.0;6
3039;2020-03-14;Liguria;213;62;275;109;384;80;118;52;27;0.0;0.0;463;1750;0.0;308;0.0;10
3040;2020-03-15;Liguria;253;66;319;174;493;109;96;33;33;0.0;0.0;559;1973;0.0;223;0.0;6
3041;2020-03-16;Liguria;255;73;328;247;575;82;108;42;50;0.0;0.0;667;2189;0.0;216;0.0;17
3042;2020-03-17;Liguria;299;85;384;277;661;86;111;57;60;0.0;0.0;778;2509;0.0;320;0.0;10
3043;2020-03-18;Liguria;401;100;501;243;744;83;109;70;73;0.0;0.0;887;2912;0.0;403;0.0;13
3044;2020-03-19;Liguria;491;112;603;280;883;139;172;85;91;0.0;0.0;1059;3348;0.0;436;0.0;18
3045;2020-03-20;Liguria;573;121;694;307;1001;118;162;101;119;0.0;0.0;1221;3794;0.0;446;0.0;28
3046;2020-03-21;Liguria;598;129;727;432;1159;158;215;125;152;0.0;0.0;1436;4304;0.0;510;0.0;33
3047;2020-03-22;Liguria;736;132;868;483;1351;192;229;143;171;0.0;0.0;1665;4995;0.0;691;0.0;19
3048;2020-03-23;Liguria;761;133;894;659;1553;202;259;159;212;0.0;0.0;1924;5538;0.0;543;0.0;41
3049;2020-03-24;Liguria;803;147;950;742;1692;139;192;193;231;0.0;0.0;2116;5992;0.0;454;0.0;19
3050;2020-03-25;Liguria;927;147;1074;752;1826;134;189;225;254;0.0;0.0;2305;6602;0.0;610;0.0;23
3051;2020-03-26;Liguria;998;154;1152;875;2027;201;262;260;280;0.0;0.0;2567;7304;0.0;702;0.0;26
3052;2020-03-27;Liguria;1023;157;1180;880;2060;33;129;305;331;0.0;0.0;2696;7804;0.0;500;0.0;51
3053;2020-03-28;Liguria;1031;167;1198;888;2086;26;126;378;358;0.0;0.0;2822;8177;0.0;373;0.0;27
3054;2020-03-29;Liguria;1077;166;1243;1036;2279;193;254;420;377;0.0;0.0;3076;9100;0.0;923;0.0;19
3055;2020-03-30;Liguria;1142;175;1317;1066;2383;104;141;437;397;0.0;0.0;3217;9677;0.0;577;0.0;20
3056;2020-03-31;Liguria;1153;179;1332;1176;2508;125;199;480;428;0.0;0.0;3416;10376;0.0;699;0.0;31
3057;2020-04-01;Liguria;1114;179;1293;1352;2645;137;244;555;460;0.0;0.0;3660;11334;0.0;958;0.0;32
3058;2020-04-02;Liguria;1120;172;1292;1368;2660;15;122;634;488;0.0;0.0;3782;12069;0.0;735;0.0;28
3059;2020-04-03;Liguria;1147;173;1320;1426;2746;86;183;700;519;0.0;0.0;3965;12934;0.0;865;0.0;31
3060;2020-04-04;Liguria;1121;169;1290;1604;2894;148;238;767;542;0.0;0.0;4203;14087;0.0;1153;0.0;23
3061;2020-04-05;Liguria;1126;165;1291;1802;3093;199;246;800;556;0.0;0.0;4449;15047;0.0;960;0.0;14
3062;2020-04-06;Liguria;1141;162;1303;1814;3117;24;100;837;595;0.0;0.0;4549;15533;0.0;486;0.0;39
3063;2020-04-07;Liguria;1090;156;1246;1966;3212;95;208;925;620;0.0;0.0;4757;16579;0.0;1046;0.0;25
3064;2020-04-08;Liguria;1109;153;1262;1983;3245;33;149;1007;654;0.0;0.0;4906;17521;0.0;942;0.0;34
3065;2020-04-09;Liguria;1103;154;1257;1996;3253;8;114;1085;682;0.0;0.0;5020;18446;0.0;925;0.0;28
3066;2020-04-10;Liguria;1076;151;1227;2074;3301;48;171;1181;709;0.0;0.0;5191;19514;0.0;1068;0.0;27
3067;2020-04-11;Liguria;1003;146;1149;2184;3333;32;185;1309;734;0.0;0.0;5376;20888;0.0;1374;0.0;25
3068;2020-04-12;Liguria;1032;144;1176;2157;3333;0;118;1412;749;0.0;0.0;5494;21983;0.0;1095;0.0;15
3069;2020-04-13;Liguria;1088;138;1226;2139;3365;32;102;1471;760;0.0;0.0;5596;23129;0.0;1146;0.0;11
3070;2020-04-14;Liguria;967;133;1100;2366;3466;101;212;1549;793;0.0;0.0;5808;24446;0.0;1317;0.0;33
3071;2020-04-15;Liguria;959;120;1079;2385;3464;-2;128;1665;807;0.0;0.0;5936;25793;0.0;1347;0.0;14
3072;2020-04-16;Liguria;957;103;1060;2377;3437;-27;103;1774;828;0.0;0.0;6039;26945;0.0;1152;0.0;21
3073;2020-04-17;Liguria;897;105;1002;2457;3459;22;149;1863;866;0.0;0.0;6188;28181;0.0;1236;0.0;38
3074;2020-04-18;Liguria;901;105;1006;2406;3412;-47;113;1992;897;0.0;0.0;6301;29322;0.0;1141;0.0;31
3075;2020-04-19;Liguria;885;101;986;2504;3490;78;227;2110;928;0.0;0.0;6528;31551;21103.0;2229;21103.0;31
3076;2020-04-20;Liguria;878;102;980;2516;3496;6;141;2216;957;0.0;0.0;6669;33007;21979.0;1456;876.0;29
3077;2020-04-21;Liguria;914;94;1008;2455;3463;-33;95;2311;990;0.0;0.0;6764;34186;22670.0;1179;691.0;33
3078;2020-04-22;Liguria;860;92;952;2524;3476;13;154;2420;1022;0.0;0.0;6918;35990;23756.0;1804;1086.0;32
3079;2020-04-23;Liguria;783;91;874;2592;3466;-10;131;2536;1047;0.0;0.0;7049;37842;25045.0;1852;1289.0;25
3080;2020-04-24;Liguria;760;87;847;2590;3437;-29;124;2660;1076;0.0;0.0;7173;39563;26040.0;1721;995.0;29
3081;2020-04-25;Liguria;759;83;842;2591;3433;-4;128;2775;1093;0.0;0.0;7301;41125;26898.0;1562;858.0;17
3082;2020-04-26;Liguria;748;82;830;2650;3480;47;187;2894;1114;0.0;0.0;7488;42607;27852.0;1482;954.0;21
3083;2020-04-27;Liguria;754;83;837;2743;3580;100;154;2934;1128;0.0;0.0;7642;44039;28739.0;1432;887.0;14
3084;2020-04-28;Liguria;718;81;799;2772;3571;-9;130;3060;1141;0.0;0.0;7772;45719;29794.0;1680;1055.0;13
3085;2020-04-29;Liguria;697;70;767;2809;3576;5;117;3161;1152;0.0;0.0;7889;47220;30669.0;1501;875.0;11
3086;2020-04-30;Liguria;676;69;745;2806;3551;-25;104;3275;1167;0.0;0.0;7993;48762;31520.0;1542;851.0;15
3087;2020-05-01;Liguria;666;68;734;2784;3518;-33;133;3424;1184;0.0;0.0;8126;51199;32794.0;2437;1274.0;17
3088;2020-05-02;Liguria;647;68;715;2883;3598;80;186;3519;1195;0.0;0.0;8312;53202;34037.0;2003;1243.0;11
3089;2020-05-03;Liguria;627;68;695;2856;3551;-47;47;3599;1209;0.0;0.0;8359;54492;34613.0;1290;576.0;14
3090;2020-05-04;Liguria;606;72;678;2830;3508;-43;53;3683;1221;0.0;0.0;8412;56092;35443.0;1600;830.0;12
3091;2020-05-05;Liguria;583;68;651;2776;3427;-81;63;3816;1232;0.0;0.0;8475;57622;36150.0;1530;707.0;11
3092;2020-05-06;Liguria;548;59;607;2699;3306;-121;76;4002;1243;0.0;0.0;8551;59693;37177.0;2071;1027.0;11
3093;2020-05-07;Liguria;525;57;582;2666;3248;-58;94;4143;1254;0.0;0.0;8645;61446;38071.0;1753;894.0;11
3094;2020-05-08;Liguria;517;46;563;2613;3176;-72;78;4282;1265;0.0;0.0;8723;63531;39145.0;2085;1074.0;11
3095;2020-05-09;Liguria;501;42;543;2439;2982;-194;15;4480;1276;0.0;0.0;8738;64926;39600.0;1395;455.0;11
3096;2020-05-10;Liguria;481;41;522;2378;2900;-82;50;4607;1281;0.0;0.0;8788;67322;40751.0;2396;1151.0;5
3097;2020-05-11;Liguria;484;38;522;2322;2844;-56;44;4695;1293;0.0;0.0;8832;68814;41535.0;1492;784.0;12
3098;2020-05-12;Liguria;447;35;482;2297;2779;-65;31;4783;1301;0.0;0.0;8863;70159;42200.0;1345;665.0;8
3099;2020-05-13;Liguria;430;35;465;2253;2718;-61;67;4898;1314;0.0;0.0;8930;72174;43272.0;2015;1072.0;13
3100;2020-05-14;Liguria;408;35;443;2217;2660;-58;65;5006;1329;0.0;0.0;8995;74248;44390.0;2074;1118.0;15
3101;2020-05-15;Liguria;385;31;416;2187;2603;-57;65;5121;1336;0.0;0.0;9060;76012;45307.0;1764;917.0;7
3102;2020-05-16;Liguria;369;26;395;2138;2533;-70;51;5232;1346;0.0;0.0;9111;78068;46304.0;2056;997.0;10
3103;2020-05-17;Liguria;360;24;384;2072;2456;-77;48;5348;1355;0.0;0.0;9159;80154;47381.0;2086;1077.0;9
3104;2020-05-18;Liguria;360;23;383;1956;2339;-117;32;5485;1367;0.0;0.0;9191;81485;47984.0;1331;603.0;12
3105;2020-05-19;Liguria;338;22;360;1904;2264;-75;66;5617;1376;0.0;0.0;9257;83593;49038.0;2108;1054.0;9
3106;2020-05-20;Liguria;310;22;332;1846;2178;-86;32;5725;1386;0.0;0.0;9289;85140;49819.0;1547;781.0;10
3107;2020-05-21;Liguria;283;22;305;1770;2075;-103;55;5872;1397;0.0;0.0;9344;87011;50812.0;1871;993.0;11
3108;2020-05-22;Liguria;269;19;288;1620;1908;-167;45;6074;1407;0.0;0.0;9389;89529;51771.0;2518;959.0;10
3109;2020-05-23;Liguria;247;20;267;1467;1734;-174;38;6279;1414;0.0;0.0;9427;91735;52664.0;2206;893.0;7
3110;2020-05-24;Liguria;247;18;265;1359;1624;-110;53;6437;1419;0.0;0.0;9480;93173;53230.0;1438;566.0;5
3111;2020-05-25;Liguria;236;18;254;1302;1556;-68;17;6516;1425;0.0;0.0;9497;94472;53791.0;1299;561.0;6
3112;2020-05-26;Liguria;223;19;242;1196;1438;-118;53;6681;1431;0.0;0.0;9550;96678;54918.0;2206;1127.0;6
3113;2020-05-27;Liguria;205;14;219;1050;1269;-169;39;6882;1438;0.0;0.0;9589;98835;55899.0;2157;981.0;7
3114;2020-05-28;Liguria;198;13;211;934;1145;-124;16;7015;1445;0.0;0.0;9605;100625;56739.0;1790;840.0;7
3115;2020-05-29;Liguria;192;13;205;789;994;-151;14;7173;1452;0.0;0.0;9619;102173;57376.0;1548;637.0;7
3116;2020-05-30;Liguria;186;9;195;586;781;-213;32;7411;1459;0.0;0.0;9651;104892;58665.0;2719;1289.0;7
3117;2020-05-31;Liguria;195;8;203;466;669;-112;12;7529;1465;0.0;0.0;9663;106363;59374.0;1471;709.0;6
3118;2020-06-01;Liguria;191;7;198;413;611;-58;56;7641;1467;0.0;0.0;9719;107787;60117.0;1424;743.0;2
3119;2020-06-02;Liguria;175;7;182;364;546;-65;15;7720;1468;0.0;0.0;9734;109060;60631.0;1273;514.0;1
3120;2020-06-03;Liguria;169;6;175;339;514;-32;17;7764;1473;0.0;0.0;9751;110006;61006.0;946;375.0;5
3121;2020-06-04;Liguria;149;6;155;239;394;-120;21;7899;1479;0.0;0.0;9772;111587;61688.0;1581;682.0;6
3122;2020-06-05;Liguria;142;6;148;96;244;-150;14;8056;1486;0.0;0.0;9786;113329;62417.0;1742;729.0;7
3123;2020-06-06;Liguria;136;4;140;105;245;1;13;8062;1492;0.0;0.0;9799;114887;63119.0;1558;702.0;6
3124;2020-06-07;Liguria;127;5;132;111;243;-2;13;8070;1499;0.0;0.0;9812;116247;63749.0;1360;630.0;7
3125;2020-06-08;Liguria;125;5;130;118;248;5;14;8073;1505;0.0;0.0;9826;117410;64349.0;1163;600.0;6
3126;2020-06-09;Liguria;119;5;124;125;249;1;8;8076;1509;0.0;0.0;9834;118891;65073.0;1481;724.0;4
3127;2020-06-10;Liguria;110;3;113;132;245;-4;20;8096;1513;0.0;0.0;9854;121023;66009.0;2132;936.0;4
3128;2020-06-11;Liguria;107;3;110;140;250;5;10;8100;1514;0.0;0.0;9864;122654;66755.0;1631;746.0;1
3129;2020-06-12;Liguria;103;3;106;143;249;-1;7;8106;1516;0.0;0.0;9871;124320;67544.0;1666;789.0;2
3130;2020-06-13;Liguria;91;3;94;150;244;-5;4;8113;1518;0.0;0.0;9875;125871;68333.0;1551;789.0;2
3131;2020-06-14;Liguria;85;3;88;155;243;-1;4;8115;1521;0.0;0.0;9879;126705;68766.0;834;433.0;3
3132;2020-06-15;Liguria;87;2;89;157;246;3;8;8116;1525;0.0;0.0;9887;127913;69345.0;1208;579.0;4
3133;2020-06-16;Liguria;76;2;78;164;242;-4;4;8120;1529;0.0;0.0;9891;129249;69980.0;1336;635.0;4
3134;2020-06-17;Liguria;73;2;75;169;244;2;5;8120;1532;0.0;0.0;9896;130870;70737.0;1621;757.0;3
3135;2020-06-18;Liguria;70;2;72;174;246;2;7;8121;1536;0.0;0.0;9903;132375;71497.0;1505;760.0;4
3136;2020-06-19;Liguria;66;3;69;180;249;3;7;8121;1540;0.0;0.0;9910;133898;72175.0;1523;678.0;4
3137;2020-06-20;Liguria;61;3;64;186;250;1;10;8125;1545;0.0;0.0;9920;135379;73012.0;1481;837.0;5
3138;2020-06-21;Liguria;59;2;61;187;248;-2;7;8130;1549;0.0;0.0;9927;136647;73566.0;1268;554.0;4
3139;2020-06-22;Liguria;58;1;59;191;250;2;8;8133;1552;0.0;0.0;9935;137579;73979.0;932;413.0;3
3140;2020-06-23;Liguria;61;1;62;193;255;5;4;8131;1553;0.0;0.0;9939;138694;74514.0;1115;535.0;1
3141;2020-06-24;Liguria;59;1;60;201;261;6;1;8124;1555;0.0;0.0;9940;139910;75134.0;1216;620.0;2
3142;2020-06-25;Liguria;56;1;57;202;259;-2;14;8139;1556;9033.0;921.0;9954;141472;75828.0;1562;694.0;1
3143;2020-06-26;Liguria;54;3;57;207;264;5;4;8138;1556;9014.0;944.0;9958;142669;76437.0;1197;609.0;0
3144;2020-06-27;Liguria;49;3;52;216;268;4;5;8138;1557;9013.0;950.0;9963;144156;77180.0;1487;743.0;1
3145;2020-06-28;Liguria;48;3;51;221;272;4;4;8137;1558;9016.0;951.0;9967;145111;77675.0;955;495.0;1
3146;2020-06-29;Liguria;47;3;50;227;277;5;7;8139;1558;9019.0;955.0;9974;145902;78097.0;791;422.0;0
3147;2020-06-30;Liguria;46;3;49;231;280;3;3;8139;1558;9012.0;965.0;9977;147156;78710.0;1254;613.0;0
3148;2020-07-01;Liguria;42;3;45;235;280;0;5;8144;1558;8747.0;1235.0;9982;148585;79497.0;1429;787.0;0
3149;2020-07-02;Liguria;41;3;44;237;281;1;2;8145;1558;8737.0;1247.0;9984;149910;80201.0;1325;704.0;0
3150;2020-07-03;Liguria;40;3;43;240;283;2;3;8146;1558;8723.0;1264.0;9987;151324;80887.0;1414;686.0;0
3151;2020-07-04;Liguria;39;2;41;242;283;0;4;8150;1558;8713.0;1278.0;9991;152888;81739.0;1564;852.0;0
3152;2020-07-05;Liguria;43;3;46;243;289;6;8;8152;1558;8721.0;1278.0;9999;154061;82338.0;1173;599.0;0
3153;2020-07-06;Liguria;46;0;46;243;289;0;2;8154;1558;8712.0;1289.0;10001;154636;82633.0;575;295.0;0
3154;2020-07-07;Liguria;38;0;38;247;285;-4;2;8160;1558;8628.0;1375.0;10003;156101;83387.0;1465;754.0;0
3155;2020-07-08;Liguria;36;1;37;250;287;2;3;8161;1558;8557.0;1449.0;10006;157429;84072.0;1328;685.0;0
3156;2020-07-09;Liguria;34;1;35;243;278;-9;4;8174;1558;8530.0;1480.0;10010;158901;84825.0;1472;753.0;0
3157;2020-07-10;Liguria;25;1;26;238;264;-14;15;8203;1558;8483.0;1542.0;10025;160464;85633.0;1563;808.0;0
3158;2020-07-11;Liguria;26;0;26;227;253;-11;6;8219;1559;8478.0;1553.0;10031;161991;86422.0;1527;789.0;1
3159;2020-07-12;Liguria;25;0;25;214;239;-14;0;8233;1559;8475.0;1556.0;10031;163019;86925.0;1028;503.0;0
3160;2020-07-13;Liguria;24;0;24;194;218;-21;1;8255;1559;8466.0;1566.0;10032;163409;87165.0;390;240.0;0
3161;2020-07-14;Liguria;23;0;23;171;194;-24;6;8283;1561;8459.0;1579.0;10038;164739;87873.0;1330;708.0;2
3162;2020-07-15;Liguria;24;0;24;172;196;2;4;8285;1561;8455.0;1587.0;10042;166213;88611.0;1474;738.0;0
3163;2020-07-16;Liguria;28;0;28;173;201;5;8;8285;1564;8448.0;1602.0;10050;167677;89337.0;1464;726.0;3
3164;2020-07-17;Liguria;29;0;29;157;186;-15;2;8301;1565;8447.0;1605.0;10052;169186;90102.0;1509;765.0;1
3165;2020-07-18;Liguria;28;0;28;172;200;14;18;8305;1565;8462.0;1608.0;10070;170650;90954.0;1464;852.0;0
3166;2020-07-19;Liguria;27;0;27;177;204;4;23;8324;1565;8469.0;1624.0;10093;171613;91468.0;963;514.0;0
3167;2020-07-20;Liguria;28;0;28;157;185;-19;12;8355;1565;8467.0;1638.0;10105;172251;91898.0;638;430.0;0
3168;2020-07-21;Liguria;29;0;29;161;190;5;12;8362;1565;8476.0;1641.0;10117;173705;92795.0;1454;897.0;0
3169;2020-07-22;Liguria;31;0;31;164;195;5;7;8364;1565;8480.0;1644.0;10124;175351;93807.0;1646;1012.0;0
3170;2020-07-23;Liguria;29;0;29;170;199;4;15;8374;1566;8486.0;1653.0;10139;177278;94903.0;1927;1096.0;1
